{
  "A_eq_lm": [
    [0.218576, 0.162467, 0.12485, 0.151367, -0.106781, -0.166544, 0.13515, 0.133277, -0.00178267, 0.145536],
    [0.215848, 0.162437, 0.127289, 0.152975, -0.111361, -0.163124, 0.139926, 0.134814, -0.0101974, 0.144436],
    [0.225783, 0.165125, 0.139492, 0.159375, -0.104201, -0.157909, 0.138617, 0.128141, -0.0107361, 0.151164],
    [0.240528, 0.168444, 0.169598, 0.175694, -0.0904178, -0.168833, 0.152564, 0.117318, -0.00936968, 0.159346],
    [0.292613, 0.167492, 0.230937, 0.178582, -0.0919402, -0.172007, 0.164042, 0.108067, -0.0333169, 0.174776],
    [0.331497, 0.139786, 0.260125, 0.20063, -0.0925751, -0.204645, 0.154984, 0.0848157, -0.029687, 0.207736],
    [0.291871, 0.104973, 0.225931, 0.206921, -0.0907702, -0.240244, 0.112174, 0.108309, 0.0181376, 0.200349],
    [0.285021, 0.154833, 0.0997599, 0.14724, -0.148896, -0.202569, 0.0974731, 0.161538, 0.086891, 0.157141],
    [0.209931, 0.161728, 0.0327708, 0.124949, -0.151542, -0.146511, 0.0874032, 0.226958, 0.103618, 0.102141],
    [0.151608, 0.149162, 0.00851453, 0.138031, -0.139653, -0.10898, 0.0629129, 0.271561, 0.0519029, 0.114966],
    [0.0911259, 0.169395, 0.0134497, 0.113112, -0.111948, -0.0976342, 0.0290053, 0.30808, 0.0382546, 0.10989],
    [0.0278472, 0.2083, 0.054088, 0.108802, -0.0302007, -0.111064, 0.0278361, 0.333599, 0.0323136, 0.0833417],
    [0.00802291, 0.137805, 0.0615225, 0.0973439, 0.00888833, -0.109255, -0.0368254, 0.33312, 0.0100812, 0.125974],
    [0, 0.0689203, 0.0412302, 0.0729044, 0.00599155, -0.0984299, -0.0296638, 0.352825, -0.0951368, 0.217426],
    [0, 0, 0.0100845, 0.0964605, 0.0494351, -0.130221, -0.047312, 0.309272, -0.0692235, 0.240724],
    [0, 0, 0, 0.0374462, 0.0501186, -0.112353, 0.0306848, 0.287928, -0.058266, 0.301893],
    [0, 0, 0, 0, 0.0547105, -0.069221, 0.0966317, 0.300616, 0.0144887, 0.31921],
    [0, 0, 0, 0, 0, 0.00303432, 0.133235, 0.212154, -0.0127145, 0.40849],
    [0, 0, 0, 0, 0, 0, 0.0305727, 0.0888729, 0.00660885, 0.553522],
    [0, 0, 0, 0, 0, 0, 0, 0.00722831, 0.0573454, 0.561939],
    [0, 0, 0, 0, 0, 0, 0, 0, 0.0474497, 0.453952],
    [0, 0, 0, 0, 0, 0, 0, 0, 0, 0.500567]
  ],
  "A_rec": [
    [0.853269, 0, 0, 0, 0, 0, 0, 0, 0, 0],
    [0.848347, 0.00686931, 0, 0, 0, 0, 0, 0, 0, 0],
    [0.855732, 0.0481456, 0.0118149, 0, 0, 0, 0, 0, 0, 0],
    [0.873256, 0.137576, 0.0332305, 0.0266465, 0, 0, 0, 0, 0, 0],
    [0.888562, 0.156329, 0.0190995, 0.131189, 0.0590877, 0, 0, 0, 0, 0],
    [0.886739, 0.0920505, 0.00422776, 0.142723, 0.182338, 0.00480653, 0, 0, 0, 0],
    [0.852953, -0.00418194, 0.0243215, 0.0739091, 0.233858, 0.0755264, 0.00207106, 0, 0, 0],
    [0.81252, -0.134763, 0.127136, -0.0212133, 0.0481956, 0.183247, -0.0702454, 0.0282005, 0, 0],
    [0.776702, -0.209129, 0.193281, -0.0506356, -0.0801867, 0.0590716, -0.0889435, -0.000532925, 0.118478, 0],
    [0.728872, -0.249577, 0.240774, -0.0829961, -0.131567, -0.0979493, -0.0193833, -0.0851852, 0.0878878, 0.0458992],
    [0.691664, -0.249388, 0.228544, -0.115329, -0.15528, -0.182096, 0.0286372, -0.10735, -0.00920324, 0.155076],
    [0.623986, -0.24568, 0.146042, -0.148035, -0.175115, -0.261228, -0.0433227, 0.0607958, -0.0735273, 0.279306],
    [0.587915, -0.225209, 0.121684, -0.146954, -0.173824, -0.314104, -0.104255, 0.179851, -0.101981, 0.244183],
    [0.529437, -0.1928, 0.14549, -0.192182, -0.169727, -0.39413, -0.14456, 0.266236, -0.199688, 0.0151343],
    [0.482963, -0.186278, 0.155511, -0.158268, -0.174211, -0.392144, -0.0553796, 0.31124, -0.234399, -0.064394],
    [0.41253, -0.190874, 0.133518, -0.0912342, -0.248753, -0.333679, 0.128158, 0.399388, -0.193134, -0.0791349],
    [0.37062, -0.167844, 0.127013, -0.109427, -0.195903, -0.317116, 0.202557, 0.411732, -0.134685, -0.0844902],
    [0.291617, -0.0822821, 0.17513, -0.229169, -0.0948298, -0.3185, 0.213966, 0.406509, 0.0314094, -0.0242256],
    [0.266559, -0.0555058, 0.229525, -0.369737, -0.031116, -0.308229, 0.20424, 0.325626, 0.0801109, -0.0197597],
    [0.258193, 0.0226734, 0.186307, -0.433358, -0.0578343, -0.19555, 0.215987, 0.27139, 0.0587852, 0.000936356],
    [0.119218, 0.0794083, 0.386652, -0.505705, -0.0930013, -0.10213, 0.223533, 0.224559, -0.105062, -0.0237268],
    [-0.0820056, 0.0470137, 0.389265, -0.262704, -0.18563, -0.142449, 0.225591, 0.0657759, -0.170965, -0.0940374]
  ],
  "c_attn_1": [0.00544602, 0.00532513, 0.00557222, 0.00627168, 0.00711783, 0.00756436, 0.00744661, 0.00677981, 0.00594487, 0.00516309, 0.00447973, 0.00358522, 0.00300797, 0.00222613, 0.00184544, 0.00137555, 0.0011637, 0.00080075, 0.00072876, 0.000739534, 0.000795666, 0.000825596],
  "C_eq_lm": [
    [1, 0.999657, 0.998863, 0.993905, 0.977007, 0.960233, 0.960813, 0.968811, 0.915144, 0.873233, 0.797999, 0.724209, 0.639841, 0.572401, 0.513855, 0.52312, 0.502805, 0.480232, 0.376005, 0.319991, 0.316197, 0.318327],
    [0.999657, 1, 0.999052, 0.993869, 0.977619, 0.959691, 0.957894, 0.963718, 0.910811, 0.871788, 0.797133, 0.723306, 0.637767, 0.574581, 0.512654, 0.522471, 0.501087, 0.481626, 0.373368, 0.314803, 0.310933, 0.314951],
    [0.998863, 0.999052, 1, 0.997251, 0.984628, 0.968766, 0.964005, 0.960466, 0.899709, 0.858138, 0.781653, 0.709683, 0.627066, 0.564453, 0.50446, 0.51432, 0.492919, 0.478887, 0.378941, 0.323611, 0.319984, 0.324133],
    [0.993905, 0.993869, 0.997251, 1, 0.992674, 0.980788, 0.973305, 0.948944, 0.873554, 0.824482, 0.74446, 0.681516, 0.60173, 0.537297, 0.483831, 0.494745, 0.47424, 0.46318, 0.371396, 0.321312, 0.318179, 0.32189],
    [0.977007, 0.977619, 0.984628, 0.992674, 1, 0.993901, 0.975728, 0.924541, 0.826687, 0.769469, 0.68391, 0.621172, 0.549923, 0.499936, 0.445423, 0.458773, 0.43557, 0.436901, 0.357142, 0.310081, 0.307385, 0.315343],
    [0.960233, 0.959691, 0.968766, 0.980788, 0.993901, 1, 0.98728, 0.916217, 0.796307, 0.729895, 0.634276, 0.563016, 0.508936, 0.470898, 0.438552, 0.449171, 0.418544, 0.426739, 0.375589, 0.339761, 0.337781, 0.344771],
    [0.960813, 0.957894, 0.964005, 0.973305, 0.975728, 0.98728, 1, 0.941888, 0.833486, 0.769659, 0.679015, 0.606805, 0.567975, 0.514912, 0.503807, 0.496861, 0.459991, 0.437563, 0.390137, 0.357566, 0.355137, 0.353724],
    [0.968811, 0.963718, 0.960466, 0.948944, 0.924541, 0.916217, 0.941888, 1, 0.961786, 0.901, 0.815922, 0.709951, 0.631477, 0.533942, 0.494459, 0.493158, 0.486486, 0.442257, 0.360936, 0.323052, 0.319417, 0.303609],
    [0.915144, 0.910811, 0.899709, 0.873554, 0.826687, 0.796307, 0.833486, 0.961786, 1, 0.973336, 0.918854, 0.821752, 0.727738, 0.602542, 0.536564, 0.523701, 0.534733, 0.452323, 0.309943, 0.250023, 0.244223, 0.222012],
    [0.873233, 0.871788, 0.858138, 0.824482, 0.769469, 0.729895, 0.769659, 0.901, 0.973336, 1, 0.977826, 0.894694, 0.827164, 0.737162, 0.664117, 0.63617, 0.627795, 0.536761, 0.368509, 0.282907, 0.275168, 0.2642],
    [0.797999, 0.797133, 0.781653, 0.74446, 0.68391, 0.634276, 0.679015, 0.815922, 0.918854, 0.977826, 1, 0.959067, 0.912093, 0.82058, 0.733463, 0.692205, 0.675457, 0.555189, 0.373682, 0.275084, 0.266002, 0.258061],
    [0.724209, 0.723306, 0.709683, 0.681516, 0.621172, 0.563016, 0.606805, 0.709951, 0.821752, 0.894694, 0.959067, 1, 0.96419, 0.845994, 0.752996, 0.698584, 0.677954, 0.51281, 0.312151, 0.206308, 0.19672, 0.190088],
    [0.639841, 0.637767, 0.627066, 0.60173, 0.549923, 0.508936, 0.567975, 0.631477, 0.727738, 0.827164, 0.912093, 0.96419, 1, 0.934393, 0.879643, 0.810069, 0.762237, 0.586259, 0.421264, 0.314329, 0.304078, 0.303198],
    [0.572401, 0.574581, 0.564453, 0.537297, 0.499936, 0.470898, 0.514912, 0.533942, 0.602542, 0.737162, 0.82058, 0.845994, 0.934393, 1, 0.968512, 0.934398, 0.864327, 0.743379, 0.593347, 0.468417, 0.457803, 0.482359],
    [0.513855, 0.512654, 0.50446, 0.483831, 0.445423, 0.438552, 0.503807, 0.494459, 0.536564, 0.664117, 0.733463, 0.752996, 0.879643, 0.968512, 1, 0.962879, 0.883048, 0.757892, 0.64992, 0.543125, 0.53355, 0.553081],
    [0.52312, 0.522471, 0.51432, 0.494745, 0.458773, 0.449171, 0.496861, 0.493158, 0.523701, 0.63617, 0.692205, 0.698584, 0.810069, 0.934398, 0.962879, 1, 0.967544, 0.89253, 0.779564, 0.675161, 0.666376, 0.683802],
    [0.502805, 0.501087, 0.492919, 0.47424, 0.43557, 0.418544, 0.459991, 0.486486, 0.534733, 0.627795, 0.675457, 0.677954, 0.762237, 0.864327, 0.883048, 0.967544, 1, 0.941617, 0.803154, 0.705198, 0.696755, 0.697243],
    [0.480232, 0.481626, 0.478887, 0.46318, 0.436901, 0.426739, 0.437563, 0.442257, 0.452323, 0.536761, 0.555189, 0.51281, 0.586259, 0.743379, 0.757892, 0.89253, 0.941617, 1, 0.924929, 0.850638, 0.844765, 0.852139],
    [0.376005, 0.373368, 0.378941, 0.371396, 0.357142, 0.375589, 0.390137, 0.360936, 0.309943, 0.368509, 0.373682, 0.312151, 0.421264, 0.593347, 0.64992, 0.779564, 0.803154, 0.924929, 1, 0.983868, 0.981703, 0.985821],
    [0.319991, 0.314803, 0.323611, 0.321312, 0.310081, 0.339761, 0.357566, 0.323052, 0.250023, 0.282907, 0.275084, 0.206308, 0.314329, 0.468417, 0.543125, 0.675161, 0.705198, 0.850638, 0.983868, 1, 0.999915, 0.994752],
    [0.316197, 0.310933, 0.319984, 0.318179, 0.307385, 0.337781, 0.355137, 0.319417, 0.244223, 0.275168, 0.266002, 0.19672, 0.304078, 0.457803, 0.53355, 0.666376, 0.696755, 0.844765, 0.981703, 0.999915, 1, 0.994582],
    [0.318327, 0.314951, 0.324133, 0.32189, 0.315343, 0.344771, 0.353724, 0.303609, 0.222012, 0.2642, 0.258061, 0.190088, 0.303198, 0.482359, 0.553081, 0.683802, 0.697243, 0.852139, 0.985821, 0.994752, 0.994582, 1]
  ],
  "C_rec": [
    [1, 0.999967, 0.998326, 0.986672, 0.972371, 0.962689, 0.957228, 0.946716, 0.916122, 0.86945, 0.826771, 0.756218, 0.715649, 0.636627, 0.594334, 0.521612, 0.491584, 0.41322, 0.371783, 0.382758, 0.159764, -0.133468],
    [0.999967, 1, 0.998748, 0.987898, 0.973724, 0.963466, 0.957158, 0.945413, 0.914095, 0.86701, 0.82433, 0.753782, 0.713406, 0.634729, 0.592458, 0.519641, 0.489765, 0.412262, 0.371144, 0.383017, 0.16062, -0.132844],
    [0.998326, 0.998748, 1, 0.994269, 0.98064, 0.966754, 0.955738, 0.938353, 0.903876, 0.855231, 0.812409, 0.740668, 0.701095, 0.624951, 0.583101, 0.50951, 0.480579, 0.4094, 0.371225, 0.387812, 0.172616, -0.120214],
    [0.986672, 0.987898, 0.994269, 1, 0.99111, 0.970229, 0.947262, 0.914507, 0.87233, 0.819387, 0.77552, 0.7011, 0.663673, 0.591716, 0.552101, 0.48001, 0.452382, 0.389129, 0.351288, 0.373909, 0.173227, -0.10888],
    [0.972371, 0.973724, 0.98064, 0.99111, 1, 0.988328, 0.959426, 0.896875, 0.838687, 0.776138, 0.726847, 0.648609, 0.612712, 0.53666, 0.500874, 0.432542, 0.405799, 0.331735, 0.278118, 0.285932, 0.0790334, -0.184366],
    [0.962689, 0.963466, 0.966754, 0.970229, 0.988328, 1, 0.986416, 0.904781, 0.830723, 0.761558, 0.708147, 0.627599, 0.590633, 0.511828, 0.474994, 0.396468, 0.375646, 0.308018, 0.260905, 0.255075, 0.0364226, -0.245199],
    [0.957228, 0.957158, 0.955738, 0.947262, 0.959426, 0.986416, 1, 0.941597, 0.860203, 0.78214, 0.721746, 0.632567, 0.587298, 0.501956, 0.461732, 0.377542, 0.36094, 0.303117, 0.275042, 0.274153, 0.0667493, -0.244377],
    [0.946716, 0.945413, 0.938353, 0.914507, 0.896875, 0.904781, 0.941597, 1, 0.959417, 0.879655, 0.809485, 0.720534, 0.670988, 0.582832, 0.534912, 0.455159, 0.420447, 0.344502, 0.321679, 0.33418, 0.177198, -0.126953],
    [0.916122, 0.914095, 0.903876, 0.87233, 0.838687, 0.830723, 0.860203, 0.959417, 1, 0.965192, 0.89881, 0.80832, 0.756896, 0.664861, 0.60954, 0.531678, 0.494117, 0.438602, 0.423072, 0.409941, 0.229677, -0.0362271],
    [0.86945, 0.86701, 0.855231, 0.819387, 0.776138, 0.761558, 0.78214, 0.879655, 0.965192, 1, 0.975501, 0.887947, 0.825917, 0.730376, 0.677342, 0.597794, 0.559797, 0.508473, 0.503806, 0.473964, 0.304685, 0.103054],
    [0.826771, 0.82433, 0.812409, 0.77552, 0.726847, 0.708147, 0.721746, 0.809485, 0.89881, 0.975501, 1, 0.947837, 0.885049, 0.775129, 0.720678, 0.640324, 0.59892, 0.541742, 0.535771, 0.508095, 0.355561, 0.178924],
    [0.756218, 0.753782, 0.740668, 0.7011, 0.648609, 0.627599, 0.632567, 0.720534, 0.80832, 0.887947, 0.947837, 1, 0.981538, 0.876501, 0.815463, 0.7338, 0.68631, 0.631713, 0.597911, 0.559087, 0.380431, 0.16424],
    [0.715649, 0.713406, 0.701095, 0.663673, 0.612712, 0.590633, 0.587298, 0.670988, 0.756896, 0.825917, 0.885049, 0.981538, 1, 0.93816, 0.885989, 0.80353, 0.753882, 0.695422, 0.641728, 0.586556, 0.397735, 0.172295],
    [0.636627, 0.634729, 0.624951, 0.591716, 0.53666, 0.511828, 0.501956, 0.582832, 0.664861, 0.730376, 0.775129, 0.876501, 0.93816, 1, 0.984741, 0.898681, 0.848941, 0.770259, 0.71096, 0.639786, 0.492094, 0.312946],
    [0.594334, 0.592458, 0.583101, 0.552101, 0.500874, 0.474994, 0.461732, 0.534912, 0.60954, 0.677342, 0.720678, 0.815463, 0.885989, 0.984741, 1, 0.95189, 0.913661, 0.819496, 0.741668, 0.663059, 0.532454, 0.392674],
    [0.521612, 0.519641, 0.50951, 0.48001, 0.432542, 0.396468, 0.377542, 0.455159, 0.531678, 0.597794, 0.640324, 0.7338, 0.80353, 0.898681, 0.95189, 1, 0.988684, 0.888298, 0.772163, 0.695187, 0.558327, 0.45786],
    [0.491584, 0.489765, 0.480579, 0.452382, 0.405799, 0.375646, 0.36094, 0.420447, 0.494117, 0.559797, 0.59892, 0.68631, 0.753882, 0.848941, 0.913661, 0.988684, 1, 0.934701, 0.828571, 0.754675, 0.603995, 0.486133],
    [0.41322, 0.412262, 0.4094, 0.389129, 0.331735, 0.308018, 0.303117, 0.344502, 0.438602, 0.508473, 0.541742, 0.631713, 0.695422, 0.770259, 0.819496, 0.888298, 0.934701, 1, 0.963309, 0.906407, 0.739771, 0.543073],
    [0.371783, 0.371144, 0.371225, 0.351288, 0.278118, 0.260905, 0.275042, 0.321679, 0.423072, 0.503806, 0.535771, 0.597911, 0.641728, 0.71096, 0.741668, 0.772163, 0.828571, 0.963309, 1, 0.971392, 0.837919, 0.606883],
    [0.382758, 0.383017, 0.387812, 0.373909, 0.285932, 0.255075, 0.274153, 0.33418, 0.409941, 0.473964, 0.508095, 0.559087, 0.586556, 0.639786, 0.663059, 0.695187, 0.754675, 0.906407, 0.971392, 1, 0.898245, 0.630425],
    [0.159764, 0.16062, 0.172616, 0.173227, 0.0790334, 0.0364226, 0.0667493, 0.177198, 0.229677, 0.304685, 0.355561, 0.380431, 0.397735, 0.492094, 0.532454, 0.558327, 0.603995, 0.739771, 0.837919, 0.898245, 1, 0.860479],
    [-0.133468, -0.132844, -0.120214, -0.10888, -0.184366, -0.245199, -0.244377, -0.126953, -0.0362271, 0.103054, 0.178924, 0.16424, 0.172295, 0.312946, 0.392674, 0.45786, 0.486133, 0.543073, 0.606883, 0.630425, 0.860479, 1]
  ],
  "c1": [-1.72761, -1.71665, -1.66142, -1.51944, -1.20199, -0.926553, -0.803485, -0.743733, -0.857901, -1.04174, -1.23311, -1.58403, -1.88123, -2.43909, -2.86946, -3.46289, -3.83986, -4.32373, -4.61641, -4.80973, -5.09928, -5.28578],
  "c1_sm": [-2.06186, -2.04728, -1.99846, -1.84774, -1.48434, -1.18436, -1.06718, -1.09403, -1.37689, -1.64124, -1.86485, -2.38469, -2.8453, -3.75933, -4.40702, -5.39545, -6.03985, -6.88439, -7.98264, -7.3062, -7.03797, -10.9602],
  "c2": [0.906104, 0.904507, 0.911016, 0.915131, 0.913705, 0.9105, 0.912109, 0.926686, 0.948166, 0.9711, 0.993434, 1.0339, 1.06852, 1.13652, 1.18776, 1.26245, 1.31503, 1.3828, 1.42267, 1.44759, 1.4796, 1.49367],
  "c3_sm": [1.71753, 1.70248, 1.68892, 1.66218, 1.71566, 1.79189, 1.83919, 1.90869, 1.95548, 1.99301, 2.06035, 2.12038, 2.17857, 2.22871, 2.35583, 2.34776, 2.21755, 2.26697, -1.12182, 4.03596, 2.85361, 3.70086],
  "c4": [-1.61054],
  "c5": [6.58468, 6.73416, 6.53699, 6.36672, 6.15815, 6.00662, 6.28382, 6.69509, 6.7622, 6.76692, 6.76335, 6.76505, 6.78264, 6.86368, 6.95602, 7.10664, 7.19869, 7.2614, 7.24145, 7.18912, 7.03196, 6.89721],
  "c6": [0.468376, 0.458258, 0.471258, 0.489395, 0.507488, 0.51188, 0.511426, 0.505749, 0.497047, 0.487917, 0.479118, 0.463417, 0.451239, 0.4368, 0.432268, 0.431732, 0.432298, 0.431632, 0.430347, 0.429268, 0.428711, 0.430077],
  "delta_R": [5.88441, 9.55715, 2.48299, 4.54413, 6.56448, 16.1807, 8.65784, 1.8261, 3.33464, 2.11218, 13.435, 14.9987, 9.52125, 11.1368, 17.589, 9.15273, 6.3745, 8.02212, 6.51163, 9.72391, 19.0985, 11.7341, 11.412, 8.73478, 5.67472, 4.94742, 13.992, 23.3314, 7.90097, 14.4537, 19.1906, 17.8863, 23.8046, 17.7061, 6.89215, 5.42673, 19.8957, 9.6386, 12.4986, 13.9869, 22.7662, 23.7437, 13.0618, 7.36564, 4.78806, 6.69329, 4.7917, 2.94184, 1.86922, 6.81315, 10.0838, 11.0988, 17.1598, 7.71365, 19.2957, 2.2621, 0.422986, 1.32312, 11.6898, 2.94986, 5.5655, 0.344195, 1.13519, 1.1318, 3.80979, 1.28411, 1.79665, 0.500589, 0.666895, 2.91485, 0.245187, 1.08492, 1.15816, 2.1491, 1.37065, 0.743896, 1.92201, 0.454508, 1.69416, 1.65303, 3.79121, 1.75422, 3.603, 5.07849, 0.275222, 0.466914, 0.534988, 1.73834, 1.22582, 7.7981, 0.735331, 1.08967, 0.741673, 1.12646, 2.27852, 1.48323, 1.47954, 1.93004, 3.03028, 1.29523, 1.84374, 1.04264, 3.20983, 3.335, 1.96378, 1.17577, 2.89392, 0.364107, 0.360789, 2.79142, 1.82151, 2.563, 1.14711, 1.91121, 0.142038, 0.170069, 0.34293, 0.613907, 1.12828, 0.902395, 0.412304, 0.779574, 0.499144, 0.922705, 0.124907, 0.877338, 0.199548, 0.491348, 0.620459, 0.604284, 1.71735, 0.960089, 1.67045, 0.560846, 1.10305, 0.715179, 2.25273, 1.86088, 4.00007, 0.974566, 0.397035, 0.474551, 1.99794, 2.08912, 1.19, 3.00128, 0.910091, 2.55526, 1.80712, 2.22172, 2.12319, 0.971141, 2.05432, 1.99683, 1.24106, 2.25984, 2.89621, 1.75645, 1.94419, 1.5958, 0.702352, 1.06862, 0.437526, 0.259427, 0.641727, 3.33272, 2.25999, 1.44072, 2.38416, 0.587765, 0.326288, 1.18702, 1.12768, 1.41557, 1.24643, 0.790841, 0.458579, 0.367374, 0.825246, 0.456509, 0.358306, 0.28126, 0.199879, 1.04489, 0.824355, 3.19232, 2.50792, 1.33287, 1.989, 0.39633, 1.17803, 1.92764, 1.92989, 5.14046, 0.837535, 0.712573, 1.22437, 1.2524, 3.72548, 2.84684, 1.43136, 3.83014, 5.47021, 3.88256, 2.81927, 1.14269, 2.50341, 1.71752, 1.18493, 1.75584, 2.56215, 2.4064, 1.34984, 0.694926, 0.738567, 1.12612, 1.26719, 0.372134, 15.0731, 6.23482, 3.69892, 4.48538, 5.49323, 7.56147, 6.31367, 8.32057, 3.57337, 6.54247, 4.82483, 4.7583, 4.62975, 4.04225, 13.491, 3.70458, 5.94149, 12.9119, 5.77117, 7.97232, 2.03362, 1.43801, 1.23813, 1.00936, 0.800843, 10.8557, 1.6624, 0.882023, 1.84562, 2.96248, 1.58771, 1.91685, 1.39052, 1.06802, 0.945226, 0.194369, 0.313951, 0.259552, 0.225431, 6.18972, 4.8831, 2.51129, 4.39965, 1.58291, 1.31587, 2.618, 3.19603, 1.4087, 1.14171, 0.97232, 1.98157, 0.465087, 1.61222, 0.832411, 1.24888, 0.357619, 2.27671, 1.93153, 1.03626, 0.856091, 1.65306, 1.04975, 1.32911, 0.594249, 0.799864, 1.05581, 1.0107, 1.18895, 0.97831, 0.433583, 1.07297, 0.67885, 0.514209, 0.737932, 0.91237, 3.34254, 0.764312, 1.56828, 1.1898, 2.80716, 2.38596, 1.98434, 1.3156, 1.03613, 1.59729, 0.171494, 0.441532, 0.45656, 0.241376, 0.219502, 0.234743, 0.129568, 0.183247, 1.33445, 0.978883, 0.816471, 0.889496, 2.27241, 0.73341, 1.80947, 0.281758, 1.05007, 1.67922, 0.737001, 1.93078, 0.745451, 0.714838, 1.28681, 0.46869, 1.38353, 0.340968, 1.33111, 0.803866, 0.692759, 5.17766, 2.8318, 1.97675, 1.38209, 0.279041, 0.184205, 0.304594, 0.24226, 1.32328, 4.5686, 1.15311, 1.112, 2.32188, 3.64906, 4.83364, 3.50566, 2.10862, 3.90136, 1.6356, 3.90034, 2.72872, 1.05203, 3.01123, 1.00523, 1.32796, 1.13451, 2.20677, 2.11294, 1.17012, 2.45654, 2.33313, 1.84994, 2.97927, 2.79659, 0.841228, 1.20602, 2.1601, 0.608261, 1.6953, 0.946309, 1.09845, 0.511137, 0.688948, 0.900782, 1.35707, 0.527925, 1.80447, 0.666862, 0.420735, 1.98521, 1.14874, 2.2709, 0.795301, 2.34061, 4.21253, 1.45222, 3.00766, 2.40767, 1.22618, 1.16467, 0.922594, 0.172216, 1.22573, 0.929359, 1.97721, 0.447992, 1.39154, 0.498758, 0.781473, 1.25043, 0.860781, 0.715052, 1.05809, 0.19574, 1.94176, 1.12109, 0.56368, 1.56817, 0.468971, 1.03685, 0.550245, 0.438746, 0.615841, 2.45339, 2.86302, 1.37783, 3.39983, 1.29092, 1.49558, 2.24436, 0.258863, 0.26065, 0.628877, 1.13775, 0.275355, 0.529337, 1.39365, 0.593783, 0.821736, 0.516031, 7.34852, 2.27032, 1.91634, 2.55306, 0.410567, 0.42795, 0.383628, 0.45371, 0.739548, 0.847442, 1.13863, 1.0485, 0.684543, 2.5584, 0.970055, 2.51992, 1.94317, 2.0722, 2.22943, 0.256567, 0.262344, 0.841893, 1.31592, 0.951493, 0.92792, 1.25954, 1.07423, 0.808989, 1.50487, 1.93313, 0.86913, 0.539112, 0.423863, 1.94931, 1.42515, 2.17567, 2.1062, 1.84442, 0.829802, 9.23493, 11.2658, 0.248238, 0.917468, 0.182369, 0.684095, 0.241879, 0.224674, 0.0758609, 0.584591, 0.762831, 1.20921, 0.494513, 1.4871, 0.993467, 0.649023, 0.818572, 0.309796, 0.232287, 0.749128, 0.584678, 0.283534, 0.508195, 0.303846, 0.747375, 2.12833, 0.665745, 0.477998, 1.04444, 0.572842, 0.369708, 0.4576, 0.596239, 0.719752, 0.731274, 0.643121, 1.04024, 0.564711, 0.441956, 0.610702, 0.517276, 0.85849, 0.27641, 0.267518, 0.218471, 0.302808, 0.213296, 1.13745, 0.77501, 0.326022, 0.599306, 0.58003, 0.219831, 0.204794, 0.156266, 0.304849, 0.316223, 0.204569, 0.380544, 0.148878, 0.832387, 0.15691, 0.0972052, 0.194601, 0.108225, 0.802684, 2.2107, 1.45539, 0.952177, 1.40931, 1.07778, 1.21254, 0.223815, 0.17985, 0.204808, 3.06628, 1.97376, 1.33643, 8.11422, 1.98891, 1.64907, 3.17134, 0.556318, 0.879171, 1.0443, 5.36522, 0.395453, 0.259451, 0.495334, 0.287194, 0.302118, 0.283947, 0.353798, 0.191752, 0.154369, 1.54387, 0.472649, 0.593792, 0.623955, 0.36152, 0.387545, 0.395001, 0.264891, 0.46518, 0.599928, 0.624495, 0.289038, 0.652572, 0.833071, 1.02194, 0.590259, 0.663799, 0.374637, 0.346001, 0.165409, 1.67728, 2.45514, 2.84764, 1.32647, 1.67393, 2.49487, 0.0584513, 0.0211576, 0.0367263, 2.01302, 0.736588, 0.608381, 0.864395, 0.703829, 0.831509, 0.289424, 0.165178, 0.79544, 1.395, 1.07126, 0.552759, 1.0834, 0.568254, 0.324284, 0.265053, 0.498399, 4.22973, 1.22128, 1.11315, 4.25782, 0.897048, 2.03677, 1.86027, 1.46259, 1.28277, 0.931874, 0.363248, 0.736564, 0.987845, 2.86615, 1.81471, 4.55059, 4.43021, 2.01047, 1.5257, 1.67398, 1.2587, 1.98075, 2.22584, 1.15981, 1.91314, 2.58645, 25.3476, 6.40975, 13.0336, 9.08866, 3.45538, 12.4751, 2.77091, 7.81445, 8.04408, 4.43742, 5.20334, 5.43705, 2.58614, 0.211389, 0.304839, 0.268668, 1.0716, 0.612391, 1.20205, 2.1925, 1.1428, 1.20394, 0.900115, 0.351442, 0.732377, 0.448696, 2.21387, 1.81509, 2.83758, 1.56028, 0.743426, 1.91237, 0.511287, 2.07299, 1.15604, 1.08408, 1.67289, 0.824142, 0.722079, 1.37834, 2.42206, 2.28274, 0.678705, 0.773739, 1.26308, 0.736877, 1.08803, 1.4312, 1.05013, 1.19356, 1.81484, 1.38017, 0.874558, 0.992925, 1.24957, 1.79985, 0.836245, 0.547434, 0.132704, 0.244963, 0.254141, 0.316688, 0.25314, 1.73916, 2.10713, 2.08584, 0.779477, 0.604884, 0.922242, 0.938469, 0.887482, 1.39189, 1.46264, 0.418207, 1.86068, 0.940062, 0.737075, 0.656157, 0.261723, 0.546352, 0.990968, 0.658158, 0.671957, 0.642029, 0.933851, 0.709685, 0.55434, 0.159557, 0.268128, 0.229785, 0.3259, 0.312038, 1.23468, 2.55882, 3.70444, 1.34987, 1.21465, 5.75343, 1.07574, 3.96553, 5.40867, 1.8341, 1.84712, 1.0652, 0.934775, 0.8203, 1.37623, 0.815961, 0.634861, 1.56334, 0.324443, 0.373741, 0.284424, 0.832375, 0.410517, 0.481194, 0.320872, 5.54525, 1.71675, 2.37808, 0.388852, 0.371477, 0.119227, 0.198412, 0.221118, 0.60702, 0.616521, 3.87815, 0.541695, 1.39943, 0.960482, 3.28041, 1.60921, 1.85646, 3.08309, 2.33577, 2.11014, 0.469769, 1.44247, 0.785843, 1.75951, 1.9904, 0.832511, 3.55428, 1.79932, 1.26921, 0.629583, 0.655649, 0.384178, 1.29334, 1.48913, 3.39801, 0.148976, 0.184566, 0.1536, 0.257956, 0.837641, 0.607878, 1.06776, 1.15076, 1.63971, 0.303669, 0.528017, 0.764379, 1.15021, 2.29792, 1.65997, 1.17233, 2.08642, 1.41087, 0.634645, 1.48425, 0.872145, 0.312047, 0.599322, 1.96685, 0.361854, 0.30665, 1.16065, 0.617975, 0.765643, 0.532427, 1.41048, 1.05404, 0.260601, 1.57282, 0.569163, 10.9345, 5.004, 4.00724, 9.48135, 6.657, 9.48782, 10.27, 13.0245, 21.0766, 5.90522, 0.355957, 0.721447, 1.03557, 0.731236, 0.330865, 0.2185, 7.47071, 8.78509, 6.98759, 15.5426, 7.66317, 9.96585, 1.55506, 0.918681, 1.1195, 0.678337, 0.936311, 0.642844, 0.82532, 1.58664, 0.668578, 2.8308, 1.28191, 2.23534, 0.932789, 1.49702, 0.111864, 0.115918, 0.237567, 1.00507, 1.59005, 1.95188, 0.7615, 1.20708, 0.89807, 1.43246, 1.11853, 1.39643, 2.40135, 0.350167, 0.768067, 1.1949, 0.245488, 0.333026, 0.115079, 2.18148, 1.73683, 4.36855, 1.37111, 2.37841, 4.12346, 1.60976, 1.77878, 3.99604, 3.07954, 1.55463, 5.44464, 4.0964, 2.42019, 2.95652, 0.560151, 0.951218, 1.08386, 0.578855, 0.611954, 0.783878, 0.630566, 2.30194, 1.0734, 2.09603, 0.300934, 0.514612, 0.318447, 0.14565, 0.23792, 0.155015, 3.81824, 0.934021, 4.44657, 0.527195, 0.574856, 0.656425, 0.456569, 0.593607, 0.499082, 1.15246, 0.537356, 0.837576, 1.47538, 1.17575, 1.59651, 0.410968, 1.97349, 1.17671, 2.657, 0.664849, 1.45044, 0.530625, 0.724145, 0.655548, 1.04766, 0.682489, 2.61983, 0.935637, 1.16793, 1.13644, 5.05871, 4.49813, 18.7674, 5.15764, 4.61227, 3.20328, 3.54678, 5.03933, 19.551, 7.34265, 15.4817, 18.7508, 2.38028, 4.27909, 3.61155, 5.93559, 8.9594, 15.6379, 8.47926, 4.56872, 7.22676, 3.88914, 6.65417, 3.09023, 4.27304, 5.14722, 2.90398, 3.23683, 7.49326, 2.4121, 3.35467, 16.9884, 15.7395, 7.88815, 4.19367, 0.889573, 0.613977, 0.912991, 1.01917, 0.443836, 0.423373, 0.209387, 0.413425, 0.568124, 0.406551, 0.708349, 0.426674, 0.510223, 0.276009, 1.4278, 1.78134, 1.94167, 4.52206, 0.877721, 2.62288, 0.977852, 1.5128, 1.07529, 0.919378, 1.09615, 1.82995, 2.00135, 0.915314, 0.490323, 0.964817, 1.71193, 1.94666, 0.924393, 1.42032, 1.19068, 3.95385, 2.30154, 2.60811, 1.46691, 1.61212, 0.943882, 1.04154, 1.52837, 0.889458, 1.0594, 0.461606, 1.00149, 0.421089, 0.954452, 1.67615, 1.48919, 1.16193, 0.621016, 1.00811, 0.337355, 0.280262, 0.577619, 0.916642, 1.70819, 0.380965, 0.917739, 0.268064, 0.800717, 1.04287, 0.544168, 2.26626, 2.76416, 1.01411, 2.60212, 2.61261, 2.04473, 1.29412, 1.26156, 3.79859, 4.86593, 0.560752, 1.65533, 1.49695, 0.217687, 0.292196, 0.896691, 1.21881, 0.52568, 0.629428, 1.0267, 1.05027, 0.918799, 0.320869, 0.753551, 0.454318, 0.298393, 0.173032, 0.161033, 0.614946, 0.49653, 0.72879, 0.90583, 1.31554, 0.986413, 1.25862, 1.10171, 1.11528, 0.966812, 1.13909, 0.845849, 2.18298, 0.864534, 2.40939, 1.49018, 2.29984, 1.29451, 0.533096, 0.735398, 3.78774, 2.83553, 1.57636, 1.07626, 2.00122, 0.188328, 0.0796638, 0.164804, 0.134322, 0.0716734, 0.19798, 0.0408889, 0.375212, 0.126896, 0.193285, 0.203482, 0.231807, 0.257506, 2.60622, 2.07934, 6.02133, 1.13592, 1.27922, 2.09467, 1.19342, 2.01322, 1.69143, 1.39931, 1.44699, 0.877018, 0.169921, 0.331848, 0.478074, 0.102852, 0.11415, 0.126366, 0.132182, 0.196905, 0.211694, 0.388027, 0.322822, 0.275109, 0.264676, 0.435471, 0.365575, 0.256919, 0.180406, 1.30475, 1.27716, 0.774256, 2.39548, 1.38927, 0.570804, 0.940933, 1.85321, 1.9735, 0.621301, 0.75821, 1.14734, 0.576939, 0.970932, 1.40663, 1.57169, 0.284922, 0.240702, 0.186925, 0.23415, 0.205404, 0.190367, 1.35757, 0.660696, 0.299835, 0.259808, 0.209886, 0.0867776, 0.0943278, 0.130647, 0.184054, 0.194791, 0.118561, 0.0814424, 0.0906078, 0.353432, 0.374395, 0.311736, 0.238832, 0.37869, 0.99184, 0.467053, 0.241121, 0.950896, 0.146061, 0.455557, 0.448601, 0.493554, 1.05594, 1.53699, 0.69212, 0.650258, 1.375, 4.02392, 1.70829, 1.12346, 0.69367, 0.143425, 0.551407, 0.869115, 1.08485, 1.26729, 0.887634, 0.841777, 1.19123, 0.865547, 5.0793, 7.9225, 11.193, 5.12957, 8.38738, 6.6529, 8.74261, 0.175866, 0.201802, 0.558049, 0.276816, 0.403354, 1.0704, 0.976363, 0.36666, 0.524845, 0.614841, 0.517523, 0.566845, 1.47958, 0.556894, 0.591217, 1.97943, 1.00328, 0.924627, 1.05733, 1.22855, 1.72879, 0.840584, 0.836076, 0.226567, 0.657325, 0.88705, 0.714138, 1.09042, 0.83802, 0.472305, 0.441816, 0.712645, 0.428911, 0.147036, 0.195499, 0.533131, 0.484237, 0.473719, 0.354588, 0.390534, 0.392547, 0.11721, 0.26456, 0.183236, 0.300113, 0.145374, 0.277854, 0.477831, 0.683744, 0.175958, 0.543975, 0.201015, 0.538759, 0.409907, 0.384554, 0.137334, 0.213911, 0.0763534, 0.0623794, 0.538848, 0.543703, 0.443657, 0.792216, 0.364634, 0.703605, 0.357524, 0.267902, 0.668016, 0.283278, 0.193453, 0.403627, 0.262216, 0.469864, 0.624501, 0.426196, 0.149851, 0.0877506, 0.324069, 0.340988, 0.465848, 0.201804, 0.326274, 0.111603, 0.357048, 0.197399, 0.143061, 0.0792572, 0.413364, 0.352392, 0.288706, 0.328579, 0.436375, 0.223092, 0.394767, 1.0164, 0.892825, 0.256733, 0.161474, 0.308925, 0.483989, 1.40186, 0.540958, 1.64234, 0.371298, 0.228331, 0.632083, 0.191671, 0.552382, 0.598509, 0.227849, 0.373928, 0.398928, 0.457806, 0.190187, 0.103452, 0.097594, 0.0663025, 0.402493, 0.521051, 1.04931, 0.414349, 0.888554, 0.365189, 3.11051, 4.44744, 2.34315, 6.67437, 2.3195, 4.95821, 2.04475, 0.981312, 3.57121, 4.68225, 4.09994, 1.9385, 1.48301, 4.09265, 3.73765, 9.13989, 4.47335, 0.261228, 0.50306, 0.575458, 1.28646, 0.275, 0.161586, 0.164414, 0.280576, 0.210612, 0.0789718, 0.869817, 1.34356, 0.957976, 2.77601, 0.879128, 0.661475, 0.845254, 0.752427, 0.164946, 0.06569, 0.167995, 4.04789, 7.27185, 2.78636, 3.89655, 5.19409, 0.109163, 0.139065, 0.120267, 0.397633, 0.646489, 0.376655, 0.397503, 0.394057, 0.634394, 1.53452, 1.592, 1.22601, 1.79946, 1.00691, 0.989824, 1.03324, 1.03043, 2.04563, 0.920944, 1.264, 1.17665, 1.16808, 0.054848, 0.0525313, 0.0835707, 0.0782872, 0.165973, 0.17461, 0.207916, 0.116175, 0.070032, 0.0437844, 0.117831, 0.46105, 0.323226, 0.406431, 0.337106, 0.745036, 0.614609, 0.329446, 0.372441, 0.570454, 0.863725, 0.653874, 0.540024, 0.666727, 0.500956, 0.765301, 0.549554, 0.356341, 0.967837, 1.29934, 1.0187, 7.31873, 1.90078, 2.64944, 2.37663, 1.20394, 2.81666, 1.66078, 1.83392, 0.641302, 1.74454, 1.64978, 1.69674, 0.83615, 0.683649, 0.333957, 0.559812],
  "eqterm": [
    [0.265291, 0.290024, 0.298483, 0.348849, 0.45383, 0.486315, 0.416207, 0.157011, 0.106359, 0.105915, 0.0638577, 0.0490059, -0.00299177, 0.00944492, -0.0969976, -0.0690133, 0.0188652, 0.150358, -0.0512175, -0.111658, -0.0917848, -0.106646],
    [-0.115187, -0.0843938, -0.0978955, -0.100377, -0.0860681, -0.165493, -0.222826, -0.33578, -0.209625, -0.102871, -0.0715553, -0.00706773, -0.10592, -0.149002, -0.30362, -0.470217, -0.57741, -0.639032, -1.07469, -1.21, -0.981345, -1.01472],
    [0.725723, 0.715994, 0.75524, 0.787663, 0.879721, 0.889834, 0.783561, 0.882923, 0.808687, 0.740392, 0.765689, 0.776604, 0.678267, 0.505615, 0.314697, 0.324157, 0.413354, 0.495584, 0.710249, 0.751999, 0.605117, 0.613021],
    [0.287633, 0.301343, 0.293843, 0.283708, 0.305223, 0.324965, 0.332591, 0.285689, 0.271453, 0.335394, 0.338194, 0.270964, 0.267399, 0.337863, 0.261375, 0.153002, 0.0206015, 0.0502066, 0.0438973, -0.0138671, -0.0144963, 0.0250802],
    [-0.0433741, -0.0520147, -0.0491387, -0.0611218, -0.0276807, -0.0451502, -0.0207744, 0.10406, 0.187762, 0.153923, 0.159569, 0.163948, 0.167016, 0.0348229, -0.00984628, -0.13844, -0.113915, -0.376816, -0.650792, -0.719048, -0.587779, -0.67563],
    [0.362436, 0.363395, 0.403351, 0.447476, 0.513447, 0.589382, 0.553586, 0.498897, 0.462654, 0.441411, 0.282193, 0.100183, 0.0617421, -0.0607336, -0.0220233, -0.114946, -0.00732025, 0.14041, 0.144295, 0.189856, 0.153308, 0.0975413],
    [0.638689, 0.636192, 0.642963, 0.688393, 0.704547, 0.822378, 0.864071, 0.731874, 0.536185, 0.454097, 0.351599, 0.253553, 0.216228, 0.213976, 0.297218, 0.336656, 0.317832, 0.475275, 0.755533, 0.849538, 0.691276, 0.727962],
    [-0.437907, -0.439833, -0.408227, -0.390039, -0.303427, -0.244231, -0.309759, -0.51777, -0.629747, -0.605765, -0.57145, -0.575136, -0.376683, -0.223609, -0.175265, -0.0979706, -0.0750303, 0.13765, 0.493559, 0.595276, 0.486007, 0.545844],
    [-0.533232, -0.538014, -0.535545, -0.57386, -0.623557, -0.644432, -0.604585, -0.601712, -0.54589, -0.411723, -0.282426, -0.237472, -0.0356972, 0.161092, 0.209316, 0.279454, 0.274111, 0.410378, 0.764078, 0.816106, 0.660168, 0.741357],
    [0.465865, 0.473361, 0.50251, 0.583912, 0.682947, 0.736486, 0.628034, 0.336042, 0.190945, 0.170976, 0.126555, 0.228652, 0.1783, 0.156241, 0.154813, 0.125045, 0.0860365, 0.0735242, -0.0267527, -0.0761253, -0.0615825, -0.0372299],
    [-0.00439403, 0.00041302, 0.00414891, -0.00123898, 0.0732863, 0.00495062, -0.00605654, 0.136164, -0.0223909, -0.00330434, 0.105348, 0.0167039, -0.00128579, 0.0138609, -0.00373033, 0.00490382, 0.0471826, -0.082816, -0.16796, 0.123814, -0.728949, 0.0332928],
    [-0.613329, -0.614357, -0.5925, -0.629329, -0.659732, -0.679301, -0.660008, -0.644871, -0.572705, -0.444726, -0.34048, -0.367825, -0.213542, -0.215679, -0.239214, -0.343175, -0.400687, -0.158896, 0.304982, 0.467786, 0.383184, 0.40762],
    [0.461064, 0.45802, 0.454525, 0.450421, 0.454755, 0.413312, 0.381875, 0.574232, 0.628418, 0.584974, 0.577967, 0.56861, 0.443724, 0.375688, 0.264131, 0.346725, 0.481629, 0.42638, 0.263315, 0.184702, 0.143285, 0.12349],
    [-0.0130415, 0.00346436, 0.0199214, -0.0614474, -0.100443, -0.0163324, 0.152631, 0.0314693, 0.00189201, -0.000666731, -0.0154948, -0.0121663, 0.0158458, -0.00315636, 0.00697614, 0.00866691, 0.0246779, 0.0239768, 0.0504599, -0.63171, 0.550974, 0.0338558],
    [-0.0777558, -0.0572693, -0.0975364, -0.0942568, -0.1551, -0.176057, -0.072518, -0.202164, -0.0992167, -0.0487455, -0.0807562, -0.0427326, -0.0963389, -0.0703435, -0.0169283, -0.0631229, -0.0715857, -0.223661, -0.711635, -0.846606, -0.687812, -0.743684],
    [0.946795, 1.01503, 1.04544, 1.14762, 1.4609, 1.56769, 1.21478, 0.478142, 0.199223, 0.377708, 0.271264, 0.206432, 0.196813, 0.700916, 0.492576, 0.438731, 0.175383, 0.432589, 0.0369396, -0.314517, -0.262986, -0.047008],
    [-0.00232438, -0.000278613, -0.0242085, 0.0818973, 0.0573944, 0.0214, 0.0498031, 0.0907439, 0.0256475, -0.00209303, -0.0227274, -0.00971283, -0.0272743, -0.00533727, 0.00385745, 0.0332876, 0.0798237, 0.0282524, 0.097141, -0.261086, -0.349862, -0.0378594],
    [0.504171, 0.509878, 0.51796, 0.540913, 0.592963, 0.644413, 0.61677, 0.523465, 0.445731, 0.477609, 0.458372, 0.414484, 0.439426, 0.595315, 0.576443, 0.66136, 0.702741, 0.802613, 0.865883, 0.796787, 0.639271, 0.711549],
    [-0.120299, -0.121829, -0.128329, -0.159527, -0.224819, -0.264228, -0.245817, -0.0833401, 0.0375993, 0.0963793, 0.0519437, -0.0295225, -0.039535, 0.00547451, 0.0648106, 0.0735014, 0.127578, 0.120118, -0.00325071, -0.0543184, -0.0468056, -0.0566181],
    [0.0087056, 0.000541315, -0.00183642, -0.0225916, -0.0127025, -0.0735175, -0.0206569, -0.0338499, -0.00787545, -0.000953145, -0.104052, 0.00171995, 0.00210716, 0.000785777, -0.0145027, 0.0309255, -0.00431722, -0.118429, -0.016523, 0.776341, -1.06988, 0.0545843],
    [0.154678, 0.145744, 0.154893, 0.169555, 0.160066, 0.201204, 0.290137, 0.261908, 0.264848, 0.28024, 0.298782, 0.318932, 0.382557, 0.334967, 0.387139, 0.337454, 0.377909, 0.32694, 0.413879, 0.435111, 0.348788, 0.328562],
    [0.0100736, 0.00246216, 0.00242141, 0.0229078, 0.0266111, 0.0425183, 0.033729, -0.0250911, 0.000996492, 0.00166831, -0.0583811, 0.00439745, -0.0192377, -0.00191278, -0.0176482, -0.00718675, 0.0162698, 0.20204, -0.0181315, -0.617935, -0.342697, -0.0297844],
    [0.236017, 0.231048, 0.25005, 0.296787, 0.398596, 0.49671, 0.435785, 0.356446, 0.160119, -0.0506217, -0.224559, -0.36748, -0.462617, -0.641529, -0.609197, -0.64605, -0.648763, -0.607564, -0.58352, -0.463628, -0.366575, -0.435161],
    [0.00231513, 0.00236324, 0.00790451, -0.016196, -0.0112619, 0.0136767, 0.0953074, 0.0748104, 0.000662209, 0.00158966, 0.00803518, -0.0109918, 0.0100204, -0.000549307, 0.00753306, -0.0101311, -0.00451077, -0.0271492, 0.0344656, 0.283023, 1.28057, 0.0270135],
    [0.0110392, 0.00288759, 0.00433876, -0.0571132, 0.0171916, -0.0114333, -0.00906955, -0.0177577, -0.00859243, -0.00308614, -0.00600696, -0.00658676, 0.00347123, 0.0041769, 0.00867155, -0.0174485, 0.0434228, 0.0852561, -0.138492, -0.299457, 0.0535294, 0.137393],
    [0.452975, 0.455541, 0.50226, 0.527688, 0.711857, 0.795571, 0.560938, 0.563141, 0.299732, 0.134903, 0.00545688, -0.247427, -0.346719, -0.421767, -0.60074, -0.582922, -0.627067, -0.238861, 0.206316, 0.383067, 0.319474, 0.365006],
    [0.0280932, 0.0233791, 0.0418684, 0.0881964, 0.184483, 0.272091, 0.140282, 0.0709718, -0.174623, -0.440336, -0.664944, -0.842555, -0.978411, -1.12512, -1.05589, -0.974484, -0.952365, -0.783641, -0.687825, -0.507285, -0.395001, -0.446181],
    [-0.0699159, -0.0630953, -0.0489448, -0.0145926, 0.0981474, 0.211733, 0.211702, -0.0359072, -0.201951, -0.28913, -0.362739, -0.475291, -0.403898, -0.426694, -0.411375, -0.475952, -0.515223, -0.392935, -0.253301, -0.145123, -0.111376, -0.139741],
    [0.580335, 0.56874, 0.622809, 0.722237, 0.90138, 1.06788, 0.84007, 0.634258, 0.183577, -0.118265, -0.336555, -0.505454, -0.597784, -0.613857, -0.556529, -0.242629, -0.101215, 0.360449, 0.927677, 1.18464, 0.974715, 1.04027],
    [0.00965481, -0.00207857, 0.00101818, 0.048805, 0.0148451, 0.0998298, 0.114276, 0.0193928, -0.00800462, -0.000171969, 0.0119644, -0.00167402, -0.00286433, -0.00960304, 0.0165002, 0.00644865, 0.0303835, 0.154157, -0.0850187, -0.211894, 0.650123, -0.0138092],
    [0.00643466, 0.00043066, 0.00833014, 0.0587396, -0.0213947, -0.0832321, 0.114904, 0.0557386, -0.0103458, 0.0074114, -0.0119802, -0.00013033, 0.0100335, 0.00598079, 0.0112917, 0.00625264, 0.00187855, -0.0966737, -0.0307979, 0.151995, 1.03379, -0.0420261],
    [0.323048, 0.324589, 0.350454, 0.397904, 0.496497, 0.583145, 0.481689, 0.35792, 0.172185, 0.0528867, -0.0986241, -0.227444, -0.300347, -0.370375, -0.348902, -0.381586, -0.423101, -0.304295, -0.229762, -0.155011, -0.119033, -0.12555],
    [0.0051609, 0.00135214, -0.00162556, 0.0415296, 0.0359425, -0.125979, -0.0495663, 0.0215479, 0.00211278, 0.00049579, 0.039141, -0.00318058, 0.00543252, -0.00210842, -0.00173851, 0.00626162, 0.00445968, 0.0592509, 0.00473478, -0.251516, 1.13414, -0.119048],
    [-0.000356859, 9.15502e-05, -0.00338039, -0.0422356, -0.0257116, -0.108106, -0.0515821, 0.120839, -0.00712373, 0.000679592, 0.000231299, -0.00681455, 0.00596271, 0.00459958, 0.00212299, 0.0287846, -0.01299, -0.213088, -0.121705, -0.0296665, -1.12141, -0.00284715],
    [0.383199, 0.396506, 0.388047, 0.435407, 0.525556, 0.601317, 0.507218, 0.262626, 0.0252713, -0.0866933, -0.162731, -0.190776, -0.241914, -0.0628389, -0.0672014, 0.164215, 0.17894, 0.354937, 0.406675, 0.399254, 0.327794, 0.409345],
    [0.00876075, 0.000355139, 0.0104097, 0.019769, 0.0643308, -0.00711304, 0.0442849, -0.0515939, -0.00760764, -0.00289281, -0.0761791, -0.00988394, 0.00542819, -0.0033554, 0.00811672, -0.00270867, 0.0338913, 0.227823, -0.0882358, -0.304998, 0.200073, 0.0277443],
    [0.00429425, -0.00166584, 0.0174958, 0.0293348, 0.109854, -0.0525509, 0.0771979, 0.0101297, 0.00832849, 0.00443481, -0.0542527, -0.0120099, -0.0116477, -0.000666999, -0.00239995, 0.0149017, 0.0721039, 0.0383425, -0.0855407, 0.225915, -0.0206775, 0.183481],
    [-0.000672319, -0.000299511, 0.0034257, 0.000498566, 0.115513, -0.108559, 0.0329309, -0.00407539, -0.00437743, -0.00932973, -0.0226508, 0.00343742, 0.012438, -0.0102713, -0.0110583, 0.0162302, -0.0520995, -0.0217638, 0.215033, -0.11931, -0.392194, -0.128414],
    [0.00270647, 0.00283948, 0.0123973, 0.0404505, 0.0918369, 0.0687566, 0.0633693, -0.0617121, -3.74491e-05, -0.000905005, 0.00942457, -0.00666728, -0.00380843, 0.00357214, -0.000604281, 0.00552887, 0.0411261, 0.154284, -0.12747, -0.0604066, 0.722624, -0.136978],
    [-0.00170593, -0.000273801, -0.00793879, -0.039777, 0.0648972, 0.0529875, 0.0161584, -0.0511448, -0.00167646, -0.000847507, 0.000778712, 0.0153833, -0.00700508, -0.00219492, 0.0101781, -0.000520975, 0.0298502, 0.143268, -0.0312407, -0.689179, 1.05417, -0.00101862],
    [0.00626292, -0.00356196, 0.00392673, 0.0795108, 0.0817986, -0.0033505, 0.018922, -0.0378811, 0.0166355, -0.00145256, -0.0180751, -0.00031973, -0.0132958, -0.0107581, 0.00720238, -0.00276783, 0.0734948, 0.0600751, 0.0247022, -0.790542, 0.180982, -0.0232495],
    [0.00174698, -0.00252682, 0.0162088, -0.0291937, -0.0202373, -0.0391287, -0.0198384, -0.050536, -0.0135224, 0.00144749, 0.0153184, -0.00254371, 0.019489, 0.00295261, 0.00196653, -0.00241416, -0.0579349, 0.2188, -0.0866988, 0.144096, -0.19068, -0.00352599],
    [-0.173538, -0.193294, -0.172114, -0.168488, -0.106374, 0.0254632, 0.0777595, -0.0486825, -0.246392, -0.28871, -0.30321, -0.36319, -0.148194, -0.095932, 0.0586411, -0.13632, -0.403137, -0.499831, -0.107862, 0.0133467, 0.0152255, 0.0530771],
    [-0.404703, -0.4172, -0.415718, -0.387053, -0.371614, -0.278458, -0.199985, -0.470942, -0.684858, -0.779804, -0.713602, -0.585714, -0.437264, -0.464274, -0.335267, -0.368041, -0.545662, -0.553568, -0.118097, 0.0895082, 0.08455, 0.103491],
