{
  "A_eq_lm": [
    [0.0454033, 0.229349, 0.0162229, 0.14798, 0.195288, 0.0258911, 0.11027, -0.0749196, -0.0253309, -0.00604237],
    [0.0380822, 0.231122, 0.0138991, 0.145512, 0.195096, 0.0246733, 0.113586, -0.07247, -0.0280645, -0.00597201],
    [0.0334377, 0.23149, 0.0218369, 0.145234, 0.198013, 0.0225529, 0.111741, -0.0800542, -0.0255588, -0.00399569],
    [0.013788, 0.239937, 0.0460449, 0.149852, 0.206167, 0.0182673, 0.122613, -0.0987184, -0.0304614, 0.0221944],
    [0.0206886, 0.273938, 0.0291871, 0.145746, 0.218296, 0.0331491, 0.117319, -0.163358, -0.0376804, 0.0409287],
    [0.025224, 0.315451, 0.0375979, 0.115861, 0.223697, 0.0892657, 0.110624, -0.207964, -0.0233292, 0.0311207],
    [0.064825, 0.318739, 0.0944578, 0.106414, 0.224736, 0.121549, 0.094314, -0.190744, -0.000922181, 0.0295459],
    [0.118797, 0.314893, 0.0526107, 0.217573, 0.198101, 0.0676582, 0.0976685, -0.0872031, 0.00693898, -0.0194547],
    [0.118383, 0.285579, 0.0111292, 0.223793, 0.159975, 0.0623719, 0.147225, -0.0210991, 0.0184637, -0.0337427],
    [0.10672, 0.244485, -0.007214, 0.209037, 0.163902, 0.030881, 0.150198, 0.0329705, -0.00590591, -0.0549929],
    [0.109384, 0.214124, -0.0827239, 0.190701, 0.13682, 0.01395, 0.125339, 0.0180832, -0.0193261, -0.0879589],
    [0.0906662, 0.15457, -0.124554, 0.137824, 0.135786, 0.0205393, 0.136587, 0.03772, 0.0336186, -0.106975],
    [0.0663261, 0.119408, -0.0956084, 0.146184, 0.103627, 0.0182855, 0.135815, 0.0629626, -0.0539441, -0.102345],
    [0, 0.0404119, -0.0163864, 0.108932, 0.0714495, 0.0534558, 0.19675, 0.10983, -0.229826, -0.0704358],
    [0, 0, 0.0799736, 0.0531607, 0.113808, 0.0203595, 0.182681, 0.105864, -0.274862, -0.0630232],
    [0, 0, 0, 0.0237095, 0.101098, -0.0209637, 0.218567, 0.17313, -0.308251, 0.056289],
    [0, 0, 0, 0, 0.0517147, -0.0390384, 0.213444, 0.194989, -0.278779, 0.150239],
    [0, 0, 0, 0, 0, 0.00153634, 0.171991, 0.20766, -0.253671, 0.247526],
    [0, 0, 0, 0, 0, 0, 0.0676725, 0.279557, -0.176587, 0.275932],
    [0, 0, 0, 0, 0, 0, 0, 0.274892, -0.211938, 0.288099],
    [0, 0, 0, 0, 0, 0, 0, 0, 0.123887, 0.324461],
    [0, 0, 0, 0, 0, 0, 0, 0, 0, 0.43751]
  ],
  "A_rec": [
    [0.872671, 0, 0, 0, 0, 0, 0, 0, 0, 0],
    [0.864653, 0.00479775, 0, 0, 0, 0, 0, 0, 0, 0],
    [0.876287, 0.0256821, 0.0119691, 0, 0, 0, 0, 0, 0, 0],
    [0.895168, 0.0861962, 0.0447301, 0.00299874, 0, 0, 0, 0, 0, 0],
    [0.909022, 0.13051, 0.0614422, 0.0798875, 0.028341, 0, 0, 0, 0, 0],
    [0.912929, 0.122297, 0.0207974, 0.161735, 0.0816926, 0.0397747, 0, 0, 0, 0],
    [0.891913, 0.0972127, -0.0269942, 0.150237, 0.154095, 0.061606, 0.0403517, 0, 0, 0],
    [0.875297, -0.0606053, 0.00627027, 0.0199415, 0.186943, 0.0527695, 0.121543, 0.0470587, 0, 0],
    [0.892985, -0.137076, 0.0685793, -0.0372539, 0.132406, 0.0307649, 0.0942658, 0.0632438, 0.114068, 0],
    [0.852721, -0.169944, 0.031055, -0.0717299, 0.0657459, 0.00869569, -0.0535083, 0.0554962, 0.22382, 0.0201314],
    [0.819943, -0.14783, -0.0483422, -0.148003, 0.0363028, -0.0134561, -0.167069, 0.069383, 0.204315, -0.0217941],
    [0.734836, -0.168883, -0.0817754, -0.186611, -0.00142502, -0.0761658, -0.256987, 0.188136, 0.00397458, -0.109307],
    [0.690967, -0.215865, -0.0215531, -0.176685, -0.0708921, -0.0322698, -0.258199, 0.17912, -0.0853999, -0.120359],
    [0.612938, -0.29493, 0.096003, -0.170513, -0.180775, 0.108325, -0.297148, 0.0899798, -0.194923, -0.0184637],
    [0.559853, -0.296611, 0.134296, -0.135454, -0.182733, 0.0939736, -0.326407, -0.0214635, -0.244223, 0.0461062],
    [0.456309, -0.304213, 0.178172, -0.143429, -0.124091, -0.0590062, -0.34696, -0.201585, -0.311168, 0.0697751],
    [0.392627, -0.276406, 0.197345, -0.131804, -0.0564592, -0.109557, -0.339791, -0.278775, -0.321321, -0.00563398],
    [0.315692, -0.241476, 0.237987, -0.125707, -0.0501279, -0.0698888, -0.267904, -0.319053, -0.207639, -0.216258],
    [0.242844, -0.166415, 0.216093, -0.201985, -0.00918611, 0.0285775, -0.232981, -0.330451, -0.14567, -0.285301],
    [0.209689, -0.122492, 0.160834, -0.32267, 0.0491554, 0.0893005, -0.228642, -0.286516, -0.194376, -0.282542],
    [0.193209, 0.0628058, 0.301381, -0.45456, 0.0939271, 0.0903403, -0.21363, -0.201309, -0.206638, -0.17422],
    [0.128569, -0.10083, 0.329986, -0.422525, -0.0264476, -0.0775357, -0.249773, -0.124131, 0.0148015, 0.0291374]
  ],
  "c_attn_1": [0.00915589, 0.00900386, 0.00923222, 0.00969717, 0.0104288, 0.0113375, 0.0116181, 0.0113857, 0.0105528, 0.00950403, 0.00841468, 0.00678678, 0.00561756, 0.00398472, 0.00325714, 0.0025233, 0.00228006, 0.00172783, 0.00161505, 0.00160954, 0.00156029, 0.00148338],
  "C_eq_lm": [
    [1, 0.999649, 0.999132, 0.988772, 0.972593, 0.942033, 0.924091, 0.969737, 0.946645, 0.922978, 0.874293, 0.770892, 0.735255, 0.45528, 0.367024, 0.260763, 0.15221, 0.0513739, -0.0668799, -0.10272, -0.0400919, -0.0165015],
    [0.999649, 1, 0.999392, 0.989757, 0.97281, 0.941441, 0.92067, 0.964688, 0.943295, 0.921507, 0.873242, 0.771103, 0.738361, 0.465513, 0.376204, 0.273231, 0.1649, 0.0623843, -0.0580821, -0.0950838, -0.042607, -0.0163214],
    [0.999132, 0.999392, 1, 0.993403, 0.977824, 0.947527, 0.927578, 0.963385, 0.936134, 0.910789, 0.858101, 0.752861, 0.717436, 0.44787, 0.366467, 0.258701, 0.151098, 0.0495444, -0.0710685, -0.106817, -0.0349008, -0.0108525],
    [0.988772, 0.989757, 0.993403, 1, 0.987302, 0.955985, 0.935124, 0.944601, 0.905741, 0.871692, 0.801264, 0.682374, 0.651699, 0.425053, 0.36511, 0.263552, 0.170082, 0.0798619, -0.0459671, -0.0814034, 0.0253648, 0.057045],
    [0.972593, 0.97281, 0.977824, 0.987302, 1, 0.984925, 0.95828, 0.929906, 0.87106, 0.816513, 0.758827, 0.635738, 0.5874, 0.34815, 0.284728, 0.191555, 0.104977, 0.0308955, -0.104136, -0.127845, 0.0569056, 0.0939314],
    [0.942033, 0.941441, 0.947527, 0.955985, 0.984925, 1, 0.985127, 0.915018, 0.84152, 0.7668, 0.708414, 0.592676, 0.52147, 0.274994, 0.212798, 0.0993298, 0.0111758, -0.0487012, -0.181493, -0.199958, 0.0432714, 0.0648923],
    [0.924091, 0.92067, 0.927578, 0.935124, 0.95828, 0.985127, 1, 0.927134, 0.846686, 0.764014, 0.681458, 0.558556, 0.478232, 0.234328, 0.196583, 0.0580262, -0.0259738, -0.0721354, -0.181816, -0.198915, 0.0559667, 0.0606301],
    [0.969737, 0.964688, 0.963385, 0.944601, 0.929906, 0.915018, 0.927134, 1, 0.975239, 0.933376, 0.877135, 0.758099, 0.703866, 0.366686, 0.262288, 0.130586, 0.032049, -0.0368599, -0.117873, -0.145173, -0.0331151, -0.0410353],
    [0.946645, 0.943295, 0.936134, 0.905741, 0.87106, 0.84152, 0.846686, 0.975239, 1, 0.983148, 0.94107, 0.853914, 0.81368, 0.467714, 0.316034, 0.213077, 0.118579, 0.0402833, -0.0437559, -0.0966121, -0.0559203, -0.075667],
    [0.922978, 0.921507, 0.910789, 0.871692, 0.816513, 0.7668, 0.764014, 0.933376, 0.983148, 1, 0.970985, 0.901259, 0.889701, 0.568965, 0.417602, 0.326496, 0.219279, 0.112448, 0.0292567, -0.0297738, -0.129929, -0.1336],
    [0.874293, 0.873242, 0.858101, 0.801264, 0.758827, 0.708414, 0.681458, 0.877135, 0.94107, 0.970985, 1, 0.958316, 0.945737, 0.573581, 0.378619, 0.302002, 0.176066, 0.0500708, -0.0442387, -0.0950429, -0.234641, -0.231723],
    [0.770892, 0.771103, 0.752861, 0.682374, 0.635738, 0.592676, 0.558556, 0.758099, 0.853914, 0.901259, 0.958316, 1, 0.948555, 0.523337, 0.30146, 0.245906, 0.115966, -0.023851, -0.104554, -0.177857, -0.255874, -0.311239],
    [0.735255, 0.738361, 0.717436, 0.651699, 0.5874, 0.52147, 0.478232, 0.703866, 0.81368, 0.889701, 0.945737, 0.948555, 1, 0.750434, 0.54802, 0.484927, 0.339109, 0.179793, 0.0597934, -0.00532874, -0.370624, -0.330257],
    [0.45528, 0.465513, 0.44787, 0.425053, 0.34815, 0.274994, 0.234328, 0.366686, 0.467714, 0.568965, 0.573581, 0.523337, 0.750434, 1, 0.932261, 0.881082, 0.757082, 0.60714, 0.414136, 0.359949, -0.409427, -0.19514],
    [0.367024, 0.376204, 0.366467, 0.36511, 0.284728, 0.212798, 0.196583, 0.262288, 0.316034, 0.417602, 0.378619, 0.30146, 0.54802, 0.932261, 1, 0.916008, 0.794021, 0.630609, 0.437831, 0.400523, -0.409718, -0.164552],
    [0.260763, 0.273231, 0.258701, 0.263552, 0.191555, 0.0993298, 0.0580262, 0.130586, 0.213077, 0.326496, 0.302002, 0.245906, 0.484927, 0.881082, 0.916008, 1, 0.963953, 0.859753, 0.706027, 0.661745, -0.132609, 0.130114],
    [0.15221, 0.1649, 0.151098, 0.170082, 0.104977, 0.0111758, -0.0259738, 0.032049, 0.118579, 0.219279, 0.176066, 0.115966, 0.339109, 0.757082, 0.794021, 0.963953, 1, 0.958166, 0.844395, 0.797287, 0.0943424, 0.346437],
    [0.0513739, 0.0623843, 0.0495444, 0.0798619, 0.0308955, -0.0487012, -0.0721354, -0.0368599, 0.0402833, 0.112448, 0.0500708, -0.023851, 0.179793, 0.60714, 0.630609, 0.859753, 0.958166, 1, 0.941501, 0.906769, 0.31607, 0.555819],
    [-0.0668799, -0.0580821, -0.0710685, -0.0459671, -0.104136, -0.181493, -0.181816, -0.117873, -0.0437559, 0.0292567, -0.0442387, -0.104554, 0.0597934, 0.414136, 0.437831, 0.706027, 0.844395, 0.941501, 1, 0.98533, 0.446818, 0.632943],
    [-0.10272, -0.0950838, -0.106817, -0.0814034, -0.127845, -0.199958, -0.198915, -0.145173, -0.0966121, -0.0297738, -0.0950429, -0.177857, -0.00532874, 0.359949, 0.400523, 0.661745, 0.797287, 0.906769, 0.98533, 1, 0.429065, 0.63867],
    [-0.0400919, -0.042607, -0.0349008, 0.0253648, 0.0569056, 0.0432714, 0.0559667, -0.0331151, -0.0559203, -0.129929, -0.234641, -0.255874, -0.370624, -0.409427, -0.409718, -0.132609, 0.0943424, 0.31607, 0.446818, 0.429065, 1, 0.934217],
    [-0.0165015, -0.0163214, -0.0108525, 0.057045, 0.0939314, 0.0648923, 0.0606301, -0.0410353, -0.075667, -0.1336, -0.231723, -0.311239, -0.330257, -0.19514, -0.164552, 0.130114, 0.346437, 0.555819, 0.632943, 0.63867, 0.934217, 1]
  ],
  "C_rec": [
    [1, 0.999985, 0.999478, 0.994162, 0.98348, 0.971398, 0.963216, 0.963685, 0.959213, 0.939975, 0.919691, 0.86052, 0.8365, 0.743236, 0.695058, 0.572775, 0.507507, 0.445895, 0.36562, 0.312126, 0.269249, 0.203365],
    [0.999985, 1, 0.999625, 0.994677, 0.984248, 0.972105, 0.963784, 0.9633, 0.958382, 0.938921, 0.918757, 0.859409, 0.835037, 0.74124, 0.693004, 0.570647, 0.505517, 0.443996, 0.364225, 0.311109, 0.26973, 0.202477],
    [0.999478, 0.999625, 1, 0.997125, 0.98801, 0.975004, 0.96539, 0.961322, 0.955405, 0.934464, 0.913613, 0.85297, 0.828051, 0.733961, 0.686185, 0.564343, 0.500259, 0.44026, 0.362532, 0.30989, 0.277406, 0.205712],
    [0.994162, 0.994677, 0.997125, 1, 0.994845, 0.979856, 0.966735, 0.952087, 0.943044, 0.917991, 0.895202, 0.831079, 0.80459, 0.709756, 0.663471, 0.543387, 0.482447, 0.426749, 0.35465, 0.303142, 0.29481, 0.210613],
    [0.98348, 0.984248, 0.98801, 0.994845, 1, 0.992735, 0.979316, 0.947011, 0.928376, 0.895659, 0.86438, 0.793074, 0.762927, 0.663607, 0.621172, 0.503924, 0.448669, 0.395198, 0.319122, 0.257869, 0.254341, 0.153135],
    [0.971398, 0.972105, 0.975004, 0.979856, 0.992735, 1, 0.993885, 0.95172, 0.921122, 0.882567, 0.84494, 0.766525, 0.732065, 0.628939, 0.587226, 0.463993, 0.410487, 0.355309, 0.278043, 0.214099, 0.189923, 0.0645024],
    [0.963216, 0.963784, 0.96539, 0.966735, 0.979316, 0.993885, 1, 0.968541, 0.930111, 0.882033, 0.840705, 0.756114, 0.713847, 0.59797, 0.551036, 0.426059, 0.375546, 0.32024, 0.252318, 0.202785, 0.170698, 0.0231518],
    [0.963685, 0.9633, 0.961322, 0.952087, 0.947011, 0.95172, 0.968541, 1, 0.982097, 0.92759, 0.879797, 0.802626, 0.768156, 0.656324, 0.596325, 0.467294, 0.410246, 0.356591, 0.291568, 0.259208, 0.222505, 0.116775],
    [0.959213, 0.958382, 0.955405, 0.943044, 0.928376, 0.921122, 0.930111, 0.982097, 1, 0.973944, 0.928928, 0.838112, 0.804413, 0.69756, 0.631537, 0.495571, 0.430121, 0.391599, 0.327001, 0.279011, 0.239958, 0.223271],
    [0.939975, 0.938921, 0.934464, 0.917991, 0.895659, 0.882567, 0.882033, 0.92759, 0.973944, 1, 0.981438, 0.888476, 0.847631, 0.74044, 0.674738, 0.535607, 0.460759, 0.418107, 0.351815, 0.293563, 0.235812, 0.305631],
    [0.919691, 0.918757, 0.913613, 0.895202, 0.86438, 0.84494, 0.840705, 0.879797, 0.928928, 0.981438, 1, 0.944689, 0.901992, 0.782343, 0.711157, 0.572898, 0.498866, 0.45259, 0.396685, 0.359579, 0.292827, 0.359266],
    [0.86052, 0.859409, 0.85297, 0.831079, 0.793074, 0.766525, 0.756114, 0.802626, 0.838112, 0.888476, 0.944689, 1, 0.984389, 0.867219, 0.789037, 0.655485, 0.584722, 0.519014, 0.445573, 0.435653, 0.358669, 0.383463],
    [0.8365, 0.835037, 0.828051, 0.80459, 0.762927, 0.732065, 0.713847, 0.768156, 0.804413, 0.847631, 0.901992, 0.984389, 1, 0.934031, 0.868079, 0.736737, 0.662631, 0.596651, 0.514404, 0.498853, 0.408111, 0.421292],
    [0.743236, 0.74124, 0.733961, 0.709756, 0.663607, 0.628939, 0.59797, 0.656324, 0.69756, 0.74044, 0.782343, 0.867219, 0.934031, 1, 0.981007, 0.869618, 0.784558, 0.695108, 0.604339, 0.579686, 0.486683, 0.514557],
    [0.695058, 0.693004, 0.686185, 0.663471, 0.621172, 0.587226, 0.551036, 0.596325, 0.631537, 0.674738, 0.711157, 0.789037, 0.868079, 0.981007, 1, 0.93966, 0.868629, 0.762755, 0.657245, 0.616616, 0.517989, 0.55555],
    [0.572775, 0.570647, 0.564343, 0.543387, 0.503924, 0.463993, 0.426059, 0.467294, 0.495571, 0.535607, 0.572898, 0.655485, 0.736737, 0.869618, 0.93966, 1, 0.980749, 0.877747, 0.758273, 0.699487, 0.590914, 0.646681],
    [0.507507, 0.505517, 0.500259, 0.482447, 0.448669, 0.410487, 0.375546, 0.410246, 0.430121, 0.460759, 0.498866, 0.584722, 0.662631, 0.784558, 0.868629, 0.980749, 1, 0.93591, 0.832349, 0.768677, 0.646267, 0.661835],
    [0.445895, 0.443996, 0.44026, 0.426749, 0.395198, 0.355309, 0.32024, 0.356591, 0.391599, 0.418107, 0.45259, 0.519014, 0.596651, 0.695108, 0.762755, 0.877747, 0.93591, 1, 0.961032, 0.883105, 0.719845, 0.671294],
    [0.36562, 0.364225, 0.362532, 0.35465, 0.319122, 0.278043, 0.252318, 0.291568, 0.327001, 0.351815, 0.396685, 0.445573, 0.514404, 0.604339, 0.657245, 0.758273, 0.832349, 0.961032, 1, 0.964133, 0.820843, 0.694011],
    [0.312126, 0.311109, 0.30989, 0.303142, 0.257869, 0.214099, 0.202785, 0.259208, 0.279011, 0.293563, 0.359579, 0.435653, 0.498853, 0.579686, 0.616616, 0.699487, 0.768677, 0.883105, 0.964133, 1, 0.905581, 0.71119],
    [0.269249, 0.26973, 0.277406, 0.29481, 0.254341, 0.189923, 0.170698, 0.222505, 0.239958, 0.235812, 0.292827, 0.358669, 0.408111, 0.486683, 0.517989, 0.590914, 0.646267, 0.719845, 0.820843, 0.905581, 1, 0.817227],
    [0.203365, 0.202477, 0.205712, 0.210613, 0.153135, 0.0645024, 0.0231518, 0.116775, 0.223271, 0.305631, 0.359266, 0.383463, 0.421292, 0.514557, 0.55555, 0.646681, 0.661835, 0.671294, 0.694011, 0.71119, 0.817227, 1]
  ],
  "c1": [-1.52647, -1.50872, -1.47491, -1.41173, -1.18558, -0.831265, -0.581942, -0.373582, -0.461558, -0.668093, -0.894051, -1.3102, -1.65925, -2.30862, -2.79391, -3.43138, -3.8194, -4.31113, -4.59954, -4.77062, -4.95986, -5.04732],
  "c1_sm": [-2.49493, -2.46824, -2.43517, -2.33037, -2.22129, -1.74737, -1.67157, -1.33119, -1.57584, -1.71618, -2.13389, -2.69662, -3.10982, -4.00036, -4.79471, -5.85266, -6.35483, 2.34989, -4.23962, -11.4792, -8.72222, 13.3864],
  "c2": [0.953746, 0.946119, 0.960533, 0.945677, 0.890685, 0.855668, 0.859872, 0.917871, 0.982468, 1.032, 1.066, 1.10335, 1.12086, 1.14256, 1.15757, 1.18124, 1.20312, 1.24658, 1.28404, 1.3131, 1.35957, 1.38427],
  "c3_sm": [1.70792, 1.66087, 1.69833, 1.67382, 1.26276, 1.2823, 0.893804, 1.67553, 1.83328, 2.50726, 2.35878, 2.43423, 2.85481, 3.20516, 2.98201, 1.76773, 1.55398, 1.71918, 4.23509, 4.9153, 4.18683, 6.09634],
  "c4": [-2.01929],
  "c5": [4.9244, 5.08213, 4.72364, 4.34111, 3.81434, 3.57724, 4.05192, 5.16676, 5.91104, 6.437, 6.81033, 7.26555, 7.49711, 7.67453, 7.65783, 7.52939, 7.42103, 7.32489, 7.33319, 7.3878, 7.56171, 7.69125],
  "c6": [0.515677, 0.505197, 0.526238, 0.537811, 0.545574, 0.549524, 0.551651, 0.548699, 0.53941, 0.528686, 0.518618, 0.501718, 0.490439, 0.484609, 0.490222, 0.497884, 0.490186, 0.457793, 0.430318, 0.41365, 0.400958, 0.403476],
  "eqterm": [
    [0.191592, 0.190033, 0.181571, 0.212291, 0.193742, 0.134547, 0.118611, 0.312006, 0.388057, 0.333234, 0.242508, 0.155962, 0.236337, 0.356043, 0.113757, 0.240174, 0.316471, 0.57351, 0.670129, 0.690233, 0.528978, 0.721308],
    [0.707876, 0.718434, 0.719863, 0.773632, 0.786919, 0.777985, 0.733021, 0.786614, 0.775807, 0.75656, 0.615633, 0.513209, 0.510687, 0.573646, 0.50923, 0.581035, 0.513359, 0.479837, 0.44644, 0.415143, 0.135692, 0.2383],
    [0.297768, 0.292153, 0.296455, 0.296464, 0.220992, 0.127752, 0.162188, 0.341796, 0.327336, 0.383176, 0.29547, 0.305828, 0.247258, 0.106867, 0.173512, 0.111854, 0.0192736, -0.069789, 0.0787033, 0.0733262, 0.0467958, -0.0472925],
    [-0.00996048, -0.0103255, -0.0110419, -0.0237727, -0.115517, -0.119967, -0.0386482, 0.0446317, 0.103931, 0.120904, 0.0282179, 0.104277, 0.038106, -0.0587235, -0.0828868, -0.146933, -0.142622, -0.113343, 0.0647473, 0.0132401, 0.0888324, -0.0883211],
    [0.0557117, 0.0629567, 0.0820543, 0.169404, 0.206988, 0.230721, 0.220087, -0.0112582, -0.0572863, -0.123777, -0.238902, -0.228887, -0.289195, -0.288263, -0.211829, -0.109304, 0.0489177, 0.124054, 0.0966376, 0.0251518, 0.513144, 0.547759],
    [0.205366, 0.207214, 0.216943, 0.254689, 0.324654, 0.448741, 0.491316, 0.25072, 0.204194, 0.10689, 0.0223071, 0.0614814, -0.0790403, -0.210011, -0.196646, -0.202474, -0.142653, -0.126474, -0.18051, -0.271974, 0.247659, 0.166123],
    [-0.154963, -0.157728, -0.154007, -0.135648, -0.185175, -0.276968, -0.307401, -0.185386, -0.114452, -0.104933, -0.107643, -0.108149, -0.0318457, 0.0785989, 0.0465389, -0.0144941, -0.0129607, -0.0116388, -0.0969441, -0.145588, 0.00838209, -0.0137853],
    [-0.00381049, 0.00201932, 0.0254496, 0.088144, 0.0889703, 0.220694, 0.328946, -0.074496, -0.192231, -0.228873, -0.381379, -0.331766, -0.336764, -0.115487, 0.166222, -0.0417912, -0.0893106, -0.16861, -0.244607, -0.29739, -0.104016, -0.192026],
    [-0.00103676, -0.00260551, -0.00838909, -0.0010569, 0.251868, -0.0255736, 0.0539387, 0.0972781, -0.0377595, -0.000359365, -0.00849394, -0.106452, 0.0144794, 0.0325698, 0.00509053, 0.0382253, 0.374332, 0.0256064, -0.0531513, -0.104198, 0.18302, -0.0108515],
    [0.0037384, -0.00485986, 0.0118896, -0.0303427, 0.0998703, -0.00927925, 0.111114, -0.0460976, 0.084742, 0.00411354, 0.0114995, 0.20416, -0.01423, -0.0997805, -0.107844, -0.0419973, -0.285234, 0.0349396, 0.0693147, -0.0290212, -0.105598, 0.00763021],
    [0.153332, 0.153075, 0.146747, 0.155916, 0.102341, 0.137868, 0.244945, 0.240519, 0.270661, 0.267761, 0.128918, 0.0841585, 0.181381, 0.494791, 0.538693, 0.502768, 0.457538, 0.508715, 0.490985, 0.476714, -0.0158024, 0.0798357],
    [0.32726, 0.34019, 0.383168, 0.553654, 0.597155, 0.631236, 0.608773, 0.335911, 0.205431, 0.0548066, -0.197911, -0.287218, -0.348459, -0.378756, -0.308671, -0.388757, -0.242857, -0.15533, -0.154647, -0.243153, 0.605666, 0.557267],
    [-0.278633, -0.271718, -0.283017, -0.297044, -0.350926, -0.401433, -0.411611, -0.357523, -0.237241, -0.18713, -0.177121, -0.106223, -0.11996, -0.125384, -0.179729, 0.0934018, 0.281351, 0.401735, 0.50847, 0.476474, 0.344307, 0.391589],
    [-0.00299845, 0.00218774, 0.000266702, -0.0420852, -0.00852864, -0.010515, 0.0356388, 0.0362756, 0.0381732, 0.00439623, -0.0362274, 0.0247554, 0.0027199, 0.0360867, 0.0206471, -0.0156365, 0.267032, 0.00106862, -0.0640591, -0.0201488, -0.0431995, -0.000249417],
    [-0.945515, -0.968442, -0.963457, -1.04452, -1.09977, -1.15213, -1.09391, -0.978838, -1.02858, -0.999931, -0.800033, -0.710294, -0.666347, -0.850772, -0.822721, -1.14232, -1.17157, -1.09858, -0.861837, -0.709495, -0.295454, -0.503634],
    [0.125898, 0.123285, 0.12528, 0.133192, 0.211856, 0.180435, 0.0979287, 0.150171, 0.092081, 0.0657386, 0.146417, 0.0409709, 0.0474167, -0.060748, -0.0886342, -0.0398801, -0.0312077, -0.0682407, -0.160336, -0.112967, -0.0400227, 0.0548821],
    [0.00484575, -0.00739679, 0.0130685, -0.00755685, -0.0562604, 0.00737085, -0.0421586, 0.11308, -0.0857851, 0.00365649, -0.0461749, 0.0759351, -0.00346906, -0.0281501, -0.0381346, -0.0341269, 0.0908857, 0.0357741, -0.0623743, 0.125993, -0.0347196, 0.00709177],
    [0.0658666, 0.0711694, 0.0788218, 0.119147, 0.104375, 0.0556913, 0.00324924, 0.0133911, -0.00406515, 0.00305989, -0.0344856, -0.0648628, 0.00593319, 0.133146, 0.120019, 0.103602, 0.0788953, 0.110495, 0.130261, 0.158711, 0.0947326, 0.164021],
    [0.00125713, -0.000714125, -0.00935582, -0.0315185, -0.0618977, 0.00132933, -0.143313, -0.0612398, 0.00271368, -0.00291058, 0.0259033, 0.0523146, -0.0100586, 0.0752489, 0.0675964, -0.0742123, 0.23925, -0.0137392, -0.155526, -0.0907879, -0.0463983, 0.000508615],
    [0.142848, 0.145127, 0.13536, 0.123125, 0.168429, 0.200008, 0.193071, 0.204737, 0.1943, 0.173148, 0.181684, 0.139126, 0.0892578, -0.0317539, -0.118007, 0.0786933, 0.170876, 0.275707, 0.380799, 0.428853, 0.250139, 0.364382],
    [-0.301552, -0.302646, -0.324067, -0.406798, -0.549119, -0.657515, -0.648297, -0.285302, -0.112539, 0.00770682, 0.0890396, 0.105685, 0.234492, 0.362271, 0.272663, 0.206194, 0.117186, 0.0549179, 0.0868656, 0.0919292, -0.518134, -0.608528],
    [0.208432, 0.209439, 0.207933, 0.171432, 0.108891, 0.115605, 0.110036, 0.328229, 0.433501, 0.436207, 0.446029, 0.468424, 0.422183, 0.28195, 0.160037, -0.179041, -0.391356, -0.644188, -0.80005, -0.942923, -0.725443, -1.10826],
    [0.105886, 0.110739, 0.11954, 0.108707, 0.0914951, 0.112359, 0.0699088, 0.0488539, 0.0471973, 0.0702167, 0.098937, 0.217498, 0.106918, -0.0943299, -0.113588, -0.323899, -0.478887, -0.662471, -0.663815, -0.729723, -0.332949, -0.62676],
    [-0.00228944, -0.00126831, 0.0152962, -0.000362689, 0.122152, 0.00664145, 0.222365, -0.0558209, -0.0490169, 0.00450408, -0.023333, -0.0789181, 0.0142835, -0.094327, 0.0470594, -0.00532523, -0.26024, -0.10398, -0.108877, 0.013128, -0.0335365, 0.0113621],
    [-0.188076, -0.182363, -0.192141, -0.207341, -0.17708, -0.0772335, -0.0315346, -0.136122, -0.112423, -0.147713, -0.13068, -0.197022, -0.137417, 0.00748453, 0.00470165, 0.0881167, 0.195685, 0.263151, 0.179814, 0.185855, -0.139146, -0.053239],
    [0.0731572, 0.0725862, 0.0733335, 0.0996974, 0.112364, 0.0800321, 0.0838039, 0.146624, 0.154873, 0.110635, 0.0534734, -0.0047279, -0.0653828, -0.230581, -0.290543, -0.0971512, 0.0883639, 0.228106, 0.339676, 0.332481, 0.498034, 0.566919],
    [0.498569, 0.500509, 0.530066, 0.635843, 0.882358, 1.03678, 0.961994, 0.494013, 0.184064, 0.0255798, 0.00900021, -0.163813, -0.182675, -0.154673, 0.00790709, -0.0673277, -0.114979, -0.174793, -0.432893, -0.352557, 0.0652566, 0.289984],
    [0.0860464, 0.0842448, 0.0799647, 0.0591386, -0.0106464, -0.111403, -0.109614, -0.0129758, 0.0224988, 0.146403, 0.147668, 0.193004, 0.223534, 0.337738, 0.514225, 0.539553, 0.427306, 0.227155, 0.145163, 0.113947, -0.244413, -0.236277],
    [0.0602524, 0.0739943, 0.0688985, 0.0795139, 0.0660437, -0.0428264, -0.189588, -0.131034, -0.0854235, 0.0231932, 0.0930978, 0.0876983, 0.188409, 0.384476, 0.403162, 0.589578, 0.552533, 0.455575, 0.353102, 0.375186, -0.106239, 0.0611795],
    [0.590783, 0.590335, 0.58267, 0.562516, 0.567578, 0.619899, 0.640298, 0.731377, 0.74223, 0.733411, 0.678078, 0.648971, 0.611274, 0.597433, 0.527089, 0.378504, 0.15784, 0.00333973, -0.0936989, -0.144665, -0.36546, -0.449396],
    [-0.299376, -0.293527, -0.299133, -0.32783, -0.393823, -0.342578, -0.246681, -0.264997, -0.275748, -0.2475, -0.282452, -0.295462, -0.25087, -0.198009, -0.164737, -0.146345, -0.064218, 0.0693036, 0.343234, 0.442431, -0.0375278, -0.0401021],
    [-0.452733, -0.447096, -0.458582, -0.477203, -0.573537, -0.684486, -0.708363, -0.585359, -0.380789, -0.303972, -0.276547, -0.135282, -0.176536, -0.230952, -0.29087, 0.010919, 0.247649, 0.33571, 0.397052, 0.282879, 0.40056, 0.354999],
    [-0.0695185, -0.0549538, -0.0658113, -0.0690246, -0.182928, -0.272732, -0.322905, -0.152788, 0.0430976, 0.132056, 0.105995, 0.152043, 0.229081, 0.429978, 0.357326, 0.462656, 0.482433, 0.426667, 0.343623, 0.229562, -0.130593, -0.173715],
    [0.0202531, 0.00658707, 0.0143885, 0.00545661, -0.0368223, 0.000331152, 0.150891, 0.0765651, -0.0269775, -0.0195048, -0.112131, -0.0860788, -0.0805293, -0.00581246, 0.189621, -0.0477613, -0.182585, -0.213712, -0.10305, -0.0520235, -0.11194, -0.16891],
    [0.264255, 0.257216, 0.244384, 0.182252, 0.18043, 0.171645, 0.171061, 0.414874, 0.470228, 0.477163, 0.538462, 0.519395, 0.431943, 0.162101, 0.0424725, -0.0367072, -0.146179, -0.287806, -0.329049, -0.372601, -0.360239, -0.524436],
    [0.298575, 0.301967, 0.301609, 0.286476, 0.2379, 0.249071, 0.294081, 0.383156, 0.339455, 0.366069, 0.284197, 0.291852, 0.200544, -0.0100986, -0.0389257, -0.072294, -0.132428, -0.121325, 0.185235, 0.243064, 0.0482036, -0.0556513],
    [0.217748, 0.212322, 0.221656, 0.280005, 0.35002, 0.479508, 0.585458, 0.39403, 0.364464, 0.210814, 0.0671232, -0.0437, -0.0392875, 0.111612, 0.167934, 0.0567545, 0.111742, 0.128411, -0.157386, -0.281389, 0.0525522, 0.0716441],
    [0.047772, 0.034144, 0.0467541, 0.0510173, 0.0299123, 0.0382441, 0.135929, 0.150596, 0.0857012, 0.0331301, -0.0533866, 0.0205219, -0.157992, -0.532447, -0.52335, -0.648375, -0.61968, -0.54834, -0.284769, -0.295769, 0.381007, 0.171428],
    [0.123779, 0.110387, 0.130691, 0.165227, 0.213868, 0.255421, 0.351164, 0.286187, 0.0892363, -0.00727061, -0.0928538, -0.21171, -0.279256, -0.514653, -0.395636, -0.560022, -0.528902, -0.466254, -0.293074, -0.200001, 0.186043, 0.153657],
    [-0.455581, -0.458982, -0.45785, -0.461766, -0.427348, -0.401643, -0.414876, -0.501576, -0.467802, -0.522996, -0.445056, -0.366934, -0.414383, -0.536263, -0.631726, -0.565804, -0.397545, -0.238814, -0.206076, -0.222651, 0.315845, 0.279367],
    [0.122391, 0.118363, 0.117538, 0.119651, 0.0788402, 0.0522566, 0.109033, 0.256986, 0.260947, 0.245733, 0.169805, 0.08202, 0.10396, 0.0829829, 0.0666731, 0.0240789, 0.0337209, 0.0704655, 0.152035, 0.164838, 0.0173183, 0.00943037],
    [0.459087, 0.463103, 0.457667, 0.444472, 0.397204, 0.380484, 0.399693, 0.611955, 0.6664, 0.680464, 0.60186, 0.539328, 0.469828, 0.305404, 0.250591, 0.214753, 0.146691, 0.00906793, 0.014581, -0.0613224, -0.236761, -0.38418],
    [-0.440526, -0.436376, -0.424125, -0.388335, -0.314998, -0.248014, -0.281709, -0.709038, -0.750756, -0.766782, -0.710041, -0.522603, -0.592849, -0.544677, -0.414333, -0.273064, -0.128215, -0.0611986, -0.134125, -0.174017, 0.418287, 0.463518],
    [-0.325959, -0.325209, -0.327745, -0.363598, -0.486026, -0.541271, -0.474077, -0.454512, -0.377293, -0.262316, -0.279508, -0.101281, -0.162576, -0.207597, -0.0704063, -0.031502, -0.00220611, -0.0578404, 0.100889, 0.0502571, 0.0210977, -0.142944],
    [-0.09948, -0.0872249, -0.0723672, -0.016108, 0.126286, 0.305335, 0.239004, -0.194509, -0.283673, -0.419829, -0.401603, -0.304049, -0.435646, -0.581977, -0.708439, -0.647875, -0.50726, -0.317233, -0.270837, -0.275098, 0.48765, 0.47291],
    [0.446399, 0.450103, 0.447787, 0.474759, 0.537448, 0.575058, 0.538605, 0.532214, 0.534268, 0.473483, 0.422964, 0.36144, 0.31502, 0.272688, 0.165313, 0.246134, 0.244652, 0.251562, 0.156854, 0.10968, 0.154394, 0.22187],
    [-0.0948498, -0.109, -0.0983957, -0.07483, -0.1629, -0.247474, -0.0653445, -0.0362961, -0.171432, -0.112859, -0.267215, -0.420358, -0.275233, -0.0134565, 0.396933, 0.351798, 0.377684, 0.376467, 0.501758, 0.622059, 0.0214013, 0.207489],
    [0.0981569, 0.0947567, 0.11014, 0.191897, 0.28763, 0.310522, 0.247536, 0.113893, 0.0582956, -0.0720286, -0.105075, -0.187431, -0.105704, 0.0772975, -0.00920441, -0.103258, -0.0972454, 0.0135213, -0.197752, -0.21422, 0.266961, 0.407226],
    [-0.228986, -0.222806, -0.232359, -0.286581, -0.401003, -0.457103, -0.457387, -0.250844, -0.108308, -0.010746, 0.0446317, 0.08362, 0.12819, 0.159328, 0.161546, 0.0578883, -0.00892967, -0.193375, -0.266401, -0.345371, -0.622016, -0.843209],
    [0.221688, 0.217617, 0.215267, 0.220325, 0.220636, 0.268497, 0.30242, 0.337335, 0.405945, 0.337594, 0.272153, 0.297686, 0.25598, 0.251311, 0.117818, -0.00449964, -0.0663129, -0.0630723, -0.17126, -0.283409, 0.00959295, -0.101211],
    [0.00716346, 0.00254206, -0.00300551, -0.0147354, 0.286135, 0.00301557, 0.00939667, -0.103116, -0.147189, -0.000829455, -0.0224026, 0.0716031, 0.00534493, 0.0876482, -0.0724635, -0.0161942, 0.238384, -0.26139, -0.0119881, -0.101782, 0.045812, -0.0117742],
    [0.178258, 0.177106, 0.174687, 0.176676, 0.180049, 0.191698, 0.243206, 0.211931, 0.209831, 0.208577, 0.138829, 0.168281, 0.0462972, -0.118052, -0.0679465, 0.103813, 0.20153, 0.226127, 0.31718, 0.278215, 0.346663, 0.354889],
    [0.278025, 0.283599, 0.309747, 0.384153, 0.558201, 0.659501, 0.591457, 0.250208, -0.0465793, -0.131499, -0.115616, -0.294431, -0.276497, -0.287001, -0.0986486, -0.171314, -0.205873, -0.267738, -0.345656, -0.193712, -0.105279, 0.0717941],
    [-0.091725, -0.0911931, -0.0799874, -0.0635399, 0.0601575, 0.154418, 0.0340405, -0.0378456, -0.0585006, -0.216715, -0.0940045, -0.0706698, -0.177156, -0.514373, -0.836669, -1.019, -0.999468, -0.907009, -0.959626, -0.987801, 0.0455872, -0.155072],
    [0.201774, 0.198809, 0.197262, 0.20173, 0.307235, 0.332814, 0.232523, 0.228284, 0.188192, 0.121485, 0.208321, 0.178595, 0.165395, 0.0806917, -0.105452, -0.11398, -0.176064, -0.124684, -0.193247, -0.148808, 0.0836511, 0.168812],
    [0.020889, 0.0176103, 0.0172723, 0.0219556, -0.03559, 0.0223723, 0.143012, 0.0973431, 0.159194, 0.126173, -0.00370431, 0.066071, 0.0323169, 0.112037, 0.118595, 0.0178571, 0.0135304, 0.0519229, 0.056569, -0.0473566, 0.09275, -0.0277817],
    [-0.389653, -0.390005, -0.387701, -0.412165, -0.428405, -0.419229, -0.370034, -0.481039, -0.53692, -0.507607, -0.488738, -0.331689, -0.528012, -0.942812, -0.906015, -0.667313, -0.430973, -0.221646, 0.263432, 0.354545, 0.679009, 0.616546],
    [0.164469, 0.16265, 0.165486, 0.154771, 0.178106, 0.237118, 0.285936, 0.253412, 0.190358, 0.160586, 0.131742, 0.127833, 0.00343181, -0.256022, -0.237471, -0.260281, -0.247518, -0.264654, -0.141485, -0.131907, 0.0310991, -0.0737729],
    [-0.0224303, -0.0222102, -0.0230355, -0.0385136, 0.0543668, 0.171972, 0.1584, 0.0314812, -0.0574088, -0.124628, -0.0450234, -0.096312, -0.0846016, -0.114492, -0.189321, -0.280638, -0.322689, -0.274312, -0.280554, -0.189493, -0.197771, -0.164091],
    [-1.11885, -1.11036, -1.1085, -1.12966, -1.24375, -1.46824, -1.64226, -1.76976, -1.62852, -1.37523, -1.13707, -0.744168, -0.664981, -0.417685, -0.228155, 0.0204519, 0.0967979, 0.0440235, 0.0437869, 0.0295722, 0.202197, 0.229892],
    [0.218355, 0.217251, 0.214561, 0.170586, 0.131993, 0.165146, 0.232503, 0.281908, 0.252998, 0.294629, 0.262958, 0.332328, 0.180247, -0.112797, -0.0741129, -0.134238, -0.215655, -0.314267, -0.105727, -0.102244, -0.131799, -0.33127],
    [0.164918, 0.161062, 0.152906, 0.134401, 0.0894898, -0.0137875, -0.0385736, 0.0681955, 0.136916, 0.234551, 0.240359, 0.333535, 0.308415, 0.341319, 0.403308, 0.517264, 0.439253, 0.319699, 0.259744, 0.203251, 0.0619605, 0.0968905],
    [-0.435027, -0.437907, -0.450668, -0.476912, -0.550435, -0.669853, -0.680399, -0.64652, -0.545257, -0.43012, -0.381714, -0.214015, -0.181312, -0.0497985, -0.0190603, 0.275216, 0.393202, 0.539216, 0.689156, 0.71625, 0.512412, 0.676903],
    [-0.0648948, -0.0558943, -0.054348, -0.0480326, -0.102372, -0.167417, -0.214911, -0.272987, -0.267424, -0.155933, -0.153978, -0.0469355, -0.0188302, 0.117875, 0.225395, 0.316463, 0.269743, 0.219447, 0.299076, 0.325471, 0.0522983, 0.102958],
    [0.00510344, 0.00678274, 0.00993634, -0.0365334, 0.0505381, 0.000969053, 0.0382558, -0.00112862, 0.0319694, 0.00474496, 0.0290273, -0.0354613, 0.00315909, -0.223243, -0.0217915, -0.00813929, -0.079004, -0.0133676, 0.171825, -0.0849951, 0.0442174, 0.00446912],
    [0.286345, 0.285838, 0.28301, 0.274646, 0.28952, 0.348291, 0.392858, 0.368404, 0.346381, 0.332814, 0.287479, 0.26129, 0.229498, 0.226566, 0.255519, 0.199694, 0.118895, 0.0397361, -0.0125749, -0.0355095, -0.176116, -0.202788],
    [0.0354513, 0.0331731, 0.030762, -0.0178156, -0.00438845, 0.0495168, 0.0444501, 0.0180048, -0.0013254, 0.0115193, 0.0809819, 0.228064, 0.0692966, -0.242667, -0.321754, -0.40732, -0.503725, -0.548141, -0.391652, -0.382538, -0.0664668, -0.270328],
    [-0.551261, -0.542915, -0.557494, -0.63405, -0.751126, -0.752675, -0.72811, -0.573106, -0.386151, -0.32317, -0.244129, -0.097474, -0.16479, -0.365583, -0.510537, -0.488879, -0.376408, -0.347492, -0.170864, -0.242081, -0.199793, -0.504271],
    [-0.191995, -0.187911, -0.192548, -0.218502, -0.246838, -0.214827, -0.210833, -0.203747, -0.194727, -0.181213, -0.149079, -0.110565, -0.0773333, -0.052695, -0.145242, -0.202063, -0.22755, -0.135166, 0.0297395, 0.101441, -0.0762409, -0.11033],
    [-0.426403, -0.428993, -0.438742, -0.487739, -0.523036, -0.515715, -0.472189, -0.51333, -0.487127, -0.434784, -0.3717, -0.24389, -0.268684, -0.307825, -0.303892, -0.192012, -0.111678, 0.017551, 0.234407, 0.299097, 0.197997, 0.208794],
    [-1.01743, -1.01888, -1.03938, -1.09028, -1.19177, -1.24931, -1.16133, -1.23897, -1.08158, -0.971043, -0.90667, -0.727275, -0.644223, -0.383623, -0.2777, 0.128204, 0.454866, 0.727676, 0.894161, 0.9163, 0.541064, 0.736397],
    [0.312052, 0.320545, 0.314272, 0.30735, 0.265534, 0.250763, 0.259602, 0.36255, 0.392445, 0.428064, 0.350084, 0.358776, 0.255073, 0.0614519, 0.00876018, 0.166268, 0.210207, 0.224346, 0.433902, 0.424448, 0.20522, 0.164635]
  ],
  "eqterm_fac_lm": [
    [-0.771033, -1.09431, 0.00530719, -0.395062, -0.867798, 0.0351001, -0.322648, -0.888866, 0.0475755, -2.73127, 0.0512559, 0.624265, 0.528585, -1.36268, 0.388791, 0.30204, -0.283243, -1.08003, 0.641058, 0.298458, -0.36499, 0.813802, -0.869281, 0.144895, -0.521548, 0.332949, -0.882719, 0.523536, 1.26824, -0.870747, 1.03415, 0.202658, 0.437464, 0.15214, 0.216415, 0.190564, -0.258983, 0.193226, -1.8737, -0.0522659, 1.47759, -0.881142, 0.102873, 0.0379773, 0.871746, -0.747244, -1.38018, -0.33436, 0.108464, -0.0956158, 0.382226, -0.203059, -1.13023, 0.274822, 0.802546, 0.341389, -1.09422, 0.471852, -0.232552, -0.29091, -1.08415, 0.269724, 1.33569, -0.424585],
    [-0.582843, 0.918827, -0.660646, -0.0875922, 0.469309, 0.886304, -1.2274, 0.122904, -0.193849, 1.12095, 0.36473, -2.26156, 0.496708, -0.514008, 1.22065, -0.676932, 0.257616, -0.218952, 1.6938, 0.93401, 1.1492, -1.0253, -0.239763, 0.267176, 1.24428, -0.226394, 0.0721841, -1.27941, 0.542562, 0.837095, 0.841625, -0.579458, 0.580594, -0.30111, 0.42289, 1.47501, -0.922945, -0.754898, 0.910379, 0.830845, -0.45007, -1.08268, 0.418667, -0.463309, 0.718291, 1.61776, 0.304905, -0.470742, -0.445648, 0.548056, 1.15604, 0.785411, -4.21953, 0.738311, -1.54138, -2.18684, -0.979964, 0.595178, -0.315432, 0.992828, -0.045224, -0.625806, -1.15107, 1.38532],
    [-0.50055, -0.103618, 0.352511, 0.510529, 0.773545, 0.382954, 0.372739, 2.01186, 0.891821, 1.99538, -0.478785, 0.208613, -0.524654, 0.0930178, -0.81862, -0.209456, 0.383471, -0.183619, 0.309371, -0.00342175, 0.346638, 0.156204, -0.92347, -0.232384, 0.557068, -0.412782, -0.00606258, 1.19715, -0.638261, -0.105815, 1.66737, 0.511469, 1.24781, -0.393251, 0.643138, 0.268525, -0.275504, 0.371216, -0.775808, -0.463706, 2.48596, 0.225336, 0.407093, 0.102944, -0.0151028, 0.451191, -1.04048, -1.38615, 0.936921, -0.642875, 0.113192, -0.502275, -1.35656, -0.0944571, -0.637216, -0.99828, -0.371565, 0.201027, -1.07091, -0.261642, -0.401631, -0.636367, -0.186737, -0.383828],
    [2.83642, 1.28768, 1.14185, 0.237471, -0.714642, -1.18244, 1.36026, -1.85061, 0.403353, 0.595863, -0.832234, 0.594469, 0.364082, 1.19524, -0.412272, 0.991823, 0.970939, -0.0179776, -1.70477, 0.134789, -0.837762, -0.281593, 0.176966, 0.903066, -1.0738, -0.890108, 0.264409, 0.110937, 0.503712, 0.405182, -0.538927, 0.543372, 0.251639, -0.523945, 0.863633, 0.374417, -2.36268, -1.31888, -1.26557, 0.499831, -0.371419, 1.85359, -0.513091, 1.07271, -1.03574, -1.03931, 1.17289, 1.42612, -0.032974, -1.87403, -0.791553, -0.31357, -1.39508, -0.75752, 0.329435, -0.129291, -0.318891, -0.351359, -0.275388, -1.26469, 0.319091, -0.965111, -2.47678, -0.223269],
    [-0.172654, 1.60196, 2.06915, 0.465987, -0.0489289, 0.207371, -0.809968, 0.762093, 0.43419, -0.109142, -0.799871, -1.51804, -0.449625, 0.429109, 0.0861237, -1.08473, -0.673238, 0.971069, -2.05143, -0.526673, 0.849688, 1.54353, 0.628461, 1.52004, -0.674193, -1.35173, -0.806607, 1.75183, 0.00741235, 1.83567, -1.46704, 1.19063, 0.361176, -1.7162, -0.221751, 0.370529, 0.0410041, 0.805544, -0.437742, 0.380323, 0.818375, -0.740965, -1.36067, -0.0877818, 0.908175, 0.545279, -1.9549, 0.267386, 0.128084, 0.879396, 0.524219, -0.623865, 0.712426, 1.7316, 1.96053, 0.971189, 1.79304, 0.68286, 1.4308, -2.18093, -0.137302, 0.199213, -1.59036, 1.1866],
    [1.93098, 0.602086, -0.339337, 0.637347, -0.685494, 0.279873, -0.222959, 0.57496, 1.91207, -0.864449, -0.485312, -0.273107, -1.32782, 0.309965, 0.0957122, 0.181022, -0.154206, -0.219532, 0.0832924, -0.837452, -0.564456, -0.865431, -0.926384, 1.33868, 0.575074, -1.2979, -0.259654, 1.31198, -0.466866, 0.586966, 0.514757, 0.176778, -0.60139, -0.14245, 0.0404546, -0.658959, -0.24319, -0.542903, 1.01311, 0.413701, -0.981074, 1.05443, -1.15168, 1.48594, -0.481326, -1.29915, 0.353902, 0.929275, 1.53499, -0.735472, -0.412108, 0.85514, -1.54233, -0.0914714, -0.163701, 0.503609, 0.0485592, 0.456008, 0.678265, -0.600515, 1.27015, 0.67638, 0.0942526, -0.240878],
    [-0.0270236, 0.686266, -0.34651, -0.0100495, 0.868885, 0.937287, 0.660958, 0.565596, 0.485773, 0.796091, 0.328497, -2.72594, -0.265015, -0.240727, -0.514399, -0.137915, 1.26121, 0.183303, 0.296455, -0.0109953, -0.23573, 0.61801, 0.319122, 0.680036, -1.56372, 1.1829, 1.53603, -0.900189, 0.301626, -1.36323, 1.94694, -0.843927, -1.57156, -0.0431021, -0.273072, 0.691995, 0.553883, 0.0627516, -0.23174, 0.844527, -1.19875, 0.694474, 0.752391, 1.27674, 0.322666, -1.4189, -0.171283, -0.329116, 1.00499, -2.1104, -0.549599, -1.03918, 0.187775, -0.745689, 0.885611, -0.23843, -0.300595, 0.350503, -0.817031, 0.013408, -1.17446, -1.11113, -0.109251, -0.258085],
    [0.746018, 0.683998, 0.889527, 1.22019, -0.555245, -0.612769, -0.380811, -0.382924, 1.07614, -1.02214, 1.13072, -0.88885, -1.04479, 0.0170003, 0.562185, 1.37614, -0.175098, -0.332576, 0.183398, 0.334401, -2.90942, 0.549932, 0.27478, 0.349966, 1.65707, 1.03306, 1.24025, 0.298293, 0.07936, 1.57436, -1.19887, 0.0933445, -0.647014, -0.802923, 0.641311, 0.996875, -1.27951, 1.31627, -1.28141, -0.195632, 0.94146, -1.97287, 0.784133, -0.261721, 0.681444, -1.8632, -2.22254, -1.20424, 0.59971, 1.193, 0.230894, -0.769733, -0.245801, 1.13028, 0.445711, 1.04888, 0.787652, 0.196493, 0.0899595, 1.4113, 0.668044, 0.85645, 1.53784, 1.66699],
    [-0.0480332, -0.331217, 0.660833, 1.24575, 0.863055, 1.00464, 0.150181, 0.309898, -0.605467, 1.55297, 0.435086, 0.629974, -0.651594, -0.217188, -0.162163, -0.539565, 0.77855, 1.06438, -0.804472, 0.626397, -1.20915, -0.558478, -1.22378, -0.259784, -0.0628616, 1.10819, -0.0142437, 0.107556, 0.231561, 0.722233, -0.0046796, 2.04925, 0.581896, 0.877129, 0.0833398, 0.388666, 0.601663, 1.02599, 1.10533, -0.0818974, -1.06932, -0.282851, 0.026759, 0.683299, 0.67379, -1.27957, 1.29627, -0.335316, 0.914974, 1.79013, 0.692648, -0.614112, 0.255935, 0.919181, -0.0798666, 0.0840666, -0.194181, -0.207661, 1.08172, 1.40595, 0.0450469, 0.34833, -0.0407967, 0.670976],
    [1.64867, 0.544674, -0.108095, -0.201872, 1.25199, 0.379701, -0.0315086, -0.438907, 0.182478, 1.27372, 0.89504, -1.15114, 0.125442, 0.374897, 0.832854, -1.39089, -2.53311, -1.43256, -0.121687, 1.29579, 0.662805, -0.540049, 0.139836, -1.02717, -0.09166, 0.811409, -0.397054, -0.386071, -1.19868, -0.1272, 0.163754, 0.391826, 0.351209, 0.638539, 0.0215547, -0.878108, 1.05945, -0.326721, 1.08091, 0.507119, 0.47425, 0.930781, -1.92729, -0.231333, 0.811158, 0.164097, -0.354444, 0.385847, -0.0634997, 1.40922, -0.16862, -0.375056, 0.525455, -0.757172, 0.221459, 1.54717, 0.235328, -0.463504, -0.617879, -1.15259, -0.252177, 0.477234, 1.68316, 0.376301]
  ],
  "eqterm_sm": [
    [-0.00103676, -0.00260551, -0.00838909, -0.0010569, 0.251868, -0.0255736, 0.0539387, 0.0972781, -0.0377595, -0.000359365, -0.00849394, -0.106452, 0.0144794, 0.0325698, 0.00509053, 0.0382253, 0.374332, 0.0256064, -0.0531513, -0.104198, 0.18302, -0.0108515],
