{
  "A_eq_lm": [
    [0.16418, 0.171858, 0.072979, 0.187076, -0.166543, -0.237804, -0.060616, 0.234924, 0.00224278, 0.154433],
    [0.166808, 0.175067, 0.0672965, 0.180918, -0.167189, -0.238186, -0.061815, 0.239984, 3.06878e-05, 0.153043],
    [0.173913, 0.183903, 0.0717451, 0.178979, -0.169874, -0.240557, -0.0638699, 0.24245, 0.00368041, 0.149163],
    [0.196104, 0.199214, 0.0774961, 0.175601, -0.19743, -0.248126, -0.0679984, 0.25086, 0.0176242, 0.147985],
    [0.239406, 0.235973, 0.127267, 0.174307, -0.216254, -0.24832, -0.10802, 0.261195, 0.0193996, 0.147857],
    [0.286663, 0.263673, 0.140422, 0.207006, -0.236473, -0.281276, -0.109385, 0.25753, 0.0346278, 0.177463],
    [0.287585, 0.237245, 0.109677, 0.234452, -0.218496, -0.261883, -0.0955918, 0.244734, 0.0581909, 0.187464],
    [0.237681, 0.166743, 0.0676112, 0.264177, -0.161948, -0.246676, -0.0569963, 0.27193, -0.0372996, 0.15006],
    [0.167455, 0.130444, 0.0029274, 0.217317, -0.140654, -0.187437, 0.0149821, 0.253488, -0.0183889, 0.104507],
    [0.129953, 0.0877331, -0.0393758, 0.191643, -0.090294, -0.125053, 0.0511075, 0.260003, 0.0148999, 0.117244],
    [0.0808978, 0.103699, -0.0422916, 0.172962, -0.0554882, -0.0820397, 0.060935, 0.272912, 0.0297356, 0.123],
    [0.00686032, 0.103432, -0.0463634, 0.147868, -0.0787018, -0.0759953, 0.074576, 0.224939, 0.116291, 0.132217],
    [0.0114576, 0.0930531, 0.00710939, 0.126698, -0.0235533, -0.060357, 0.0964816, 0.2266, 0.143162, 0.133985],
    [0, 0.0613063, 0.0189976, 0.0925514, 0.0606081, -0.0756054, 0.159949, 0.20608, 0.171682, 0.232611],
    [0, 0, 0.0103013, 0.0625146, 0.0476631, -0.103184, 0.215486, 0.18272, 0.201188, 0.243003],
    [0, 0, 0, 0.0197094, 0.0237663, -0.0736719, 0.284064, 0.153479, 0.141951, 0.306249],
    [0, 0, 0, 0, 0.0239896, -0.0377539, 0.306572, 0.097065, 0.0820669, 0.34776],
    [0, 0, 0, 0, 0, 0.0162787, 0.254602, 0.0485244, 0.0220328, 0.383422],
    [0, 0, 0, 0, 0, 0, 0.0756407, 0.0187383, 0.0427576, 0.489359],
    [0, 0, 0, 0, 0, 0, 0, 0.0297432, -0.00193596, 0.509711],
    [0, 0, 0, 0, 0, 0, 0, 0, 0.193874, 0.424026],
    [0, 0, 0, 0, 0, 0, 0, 0, 0, 0.482741]
  ],
  "A_rec": [
    [0.87865, 0, 0, 0, 0, 0, 0, 0, 0, 0],
    [0.874229, 0.00694354, 0, 0, 0, 0, 0, 0, 0, 0],
    [0.884407, 0.0492837, 0.0177027, 0, 0, 0, 0, 0, 0, 0],
    [0.906182, 0.136388, 0.0452718, 0.0251015, 0, 0, 0, 0, 0, 0],
    [0.911548, 0.161126, 0.0271877, 0.133885, 0.0418899, 0, 0, 0, 0, 0],
    [0.890725, 0.0981296, -0.0036833, 0.166293, 0.154486, 0.00191323, 0, 0, 0, 0],
    [0.862026, -0.00698628, -0.00400202, 0.0915311, 0.213682, 0.0585658, 0.00124819, 0, 0, 0],
    [0.839309, -0.154174, 0.11899, -0.0103354, 0.0674702, 0.157956, -0.032673, 0.010523, 0, 0],
    [0.809933, -0.231385, 0.201228, -0.0311817, -0.0714574, 0.055861, -0.0411551, -0.00843285, 0.0860236, 0],
    [0.764929, -0.261253, 0.220767, -0.0910799, -0.11121, -0.103477, -0.0450234, -0.0935507, 0.115487, 0.0615364],
    [0.722669, -0.244538, 0.185927, -0.130095, -0.128028, -0.209964, -0.0596788, -0.181677, 0.032283, 0.0865831],
    [0.6628, -0.250684, 0.157435, -0.132456, -0.148602, -0.289386, -0.125583, -0.155461, -0.177688, -0.0206495],
    [0.6376, -0.23066, 0.148028, -0.124858, -0.141228, -0.318314, -0.219479, -0.0499727, -0.22658, -0.0687225],
    [0.570636, -0.170121, 0.0988068, -0.168839, -0.145144, -0.333507, -0.389616, 0.115637, -0.169535, 0.0296599],
    [0.522553, -0.14937, 0.0678699, -0.143304, -0.13712, -0.331469, -0.363815, 0.195105, -0.186753, 0.134968],
    [0.452127, -0.138523, 0.0886262, -0.113772, -0.162425, -0.306214, -0.189068, 0.290007, -0.266794, 0.215456],
    [0.403718, -0.105153, 0.121076, -0.138438, -0.123659, -0.302389, -0.105596, 0.339132, -0.278915, 0.208324],
    [0.317871, -0.103242, 0.176287, -0.225311, -0.0141212, -0.380953, 0.00475669, 0.366671, -0.211027, 0.0854418],
    [0.255105, -0.209524, 0.109509, -0.158476, 0.0192264, -0.41987, 0.0839871, 0.388383, -0.0931911, -0.0280113],
    [0.216496, -0.28142, 0.04289, -0.0182655, -0.0114554, -0.399744, 0.136939, 0.40174, -0.0746469, -0.0805592],
    [0.152875, -0.324347, -0.0433059, 0.0872883, -0.122725, -0.187273, 0.218602, 0.44498, -0.0213506, -0.151275],
    [0.0159406, -0.0501352, 0.0513985, 0.150781, -0.288144, -0.153279, 0.165487, 0.323313, 0.0132228, -0.0507449]
  ],
  "c_attn_1": [0.00786997, 0.00774233, 0.00802451, 0.00879792, 0.00957168, 0.00993813, 0.0097599, 0.00909253, 0.0082521, 0.00741905, 0.00663964, 0.00557978, 0.00484291, 0.0037459, 0.0031486, 0.00233056, 0.00192711, 0.0012538, 0.00108113, 0.00104582, 0.00102444, 0.000994127],
  "C_eq_lm": [
    [1, 0.999773, 0.999362, 0.996382, 0.984386, 0.982115, 0.982558, 0.985458, 0.962862, 0.896344, 0.839166, 0.762788, 0.700197, 0.523872, 0.425776, 0.343869, 0.254431, 0.215674, 0.295487, 0.326783, 0.275258, 0.300668],
    [0.999773, 1, 0.999728, 0.997063, 0.984999, 0.982026, 0.981837, 0.984984, 0.963652, 0.897821, 0.841157, 0.762794, 0.698704, 0.520852, 0.422206, 0.341248, 0.25156, 0.212377, 0.291678, 0.323792, 0.270271, 0.297155],
    [0.999362, 0.999728, 1, 0.998312, 0.988199, 0.98528, 0.984172, 0.983864, 0.961378, 0.893291, 0.83628, 0.757902, 0.695328, 0.515003, 0.415411, 0.333071, 0.242311, 0.201671, 0.280334, 0.311945, 0.262514, 0.285432],
    [0.996382, 0.997063, 0.998312, 1, 0.993081, 0.99068, 0.988519, 0.978106, 0.955193, 0.883552, 0.823427, 0.750275, 0.686673, 0.499379, 0.403033, 0.321025, 0.228841, 0.187186, 0.264649, 0.293701, 0.256841, 0.26783],
    [0.984386, 0.984999, 0.988199, 0.993081, 1, 0.997633, 0.990343, 0.965193, 0.925178, 0.838313, 0.774999, 0.693191, 0.638686, 0.445474, 0.3406, 0.256769, 0.168306, 0.135606, 0.231031, 0.267504, 0.234282, 0.24303],
    [0.982115, 0.982026, 0.98528, 0.99068, 0.997633, 1, 0.995968, 0.964987, 0.921913, 0.833566, 0.765178, 0.68715, 0.634511, 0.451703, 0.351711, 0.270287, 0.18613, 0.155385, 0.251531, 0.283047, 0.259111, 0.261574],
    [0.982558, 0.981837, 0.984172, 0.988519, 0.990343, 0.995968, 1, 0.971722, 0.934563, 0.859319, 0.792063, 0.719715, 0.666629, 0.489, 0.391687, 0.305116, 0.218184, 0.18566, 0.280839, 0.306843, 0.296937, 0.285923],
    [0.985458, 0.984984, 0.983864, 0.978106, 0.965193, 0.964987, 0.971722, 1, 0.980376, 0.919326, 0.853668, 0.736519, 0.672384, 0.489767, 0.388291, 0.307207, 0.223241, 0.18819, 0.247932, 0.281505, 0.205393, 0.254802],
    [0.962862, 0.963652, 0.961378, 0.955193, 0.925178, 0.921913, 0.934563, 0.980376, 1, 0.971148, 0.921042, 0.820541, 0.748219, 0.556923, 0.466053, 0.390178, 0.297134, 0.240872, 0.239471, 0.252374, 0.185094, 0.221331],
    [0.896344, 0.897821, 0.893291, 0.883552, 0.838313, 0.833566, 0.859319, 0.919326, 0.971148, 1, 0.981116, 0.901013, 0.844789, 0.684612, 0.601713, 0.527335, 0.428253, 0.35943, 0.324699, 0.319686, 0.272965, 0.283662],
    [0.839166, 0.841157, 0.83628, 0.823427, 0.774999, 0.765178, 0.792063, 0.853668, 0.921042, 0.981116, 1, 0.943657, 0.9061, 0.761216, 0.663952, 0.589188, 0.487954, 0.414862, 0.365884, 0.354253, 0.317572, 0.314436],
    [0.762788, 0.762794, 0.757902, 0.750275, 0.693191, 0.68715, 0.719715, 0.736519, 0.820541, 0.901013, 0.943657, 1, 0.969972, 0.846682, 0.774478, 0.688283, 0.572865, 0.482907, 0.436992, 0.395321, 0.460765, 0.361332],
    [0.700197, 0.698704, 0.695328, 0.686673, 0.638686, 0.634511, 0.666629, 0.672384, 0.748219, 0.844789, 0.9061, 0.969972, 1, 0.928629, 0.861494, 0.765741, 0.645797, 0.536795, 0.467392, 0.408931, 0.506595, 0.374217],
    [0.523872, 0.520852, 0.515003, 0.499379, 0.445474, 0.451703, 0.489, 0.489767, 0.556923, 0.684612, 0.761216, 0.846682, 0.928629, 1, 0.974048, 0.918981, 0.836555, 0.73728, 0.661527, 0.584397, 0.678853, 0.558107],
    [0.425776, 0.422206, 0.415411, 0.403033, 0.3406, 0.351711, 0.391687, 0.388291, 0.466053, 0.601713, 0.663952, 0.774478, 0.861494, 0.974048, 1, 0.963096, 0.887622, 0.777295, 0.668212, 0.569863, 0.687655, 0.548495],
    [0.343869, 0.341248, 0.333071, 0.321025, 0.256769, 0.270287, 0.305116, 0.307207, 0.390178, 0.527335, 0.589188, 0.688283, 0.765741, 0.918981, 0.963096, 1, 0.976839, 0.90633, 0.764964, 0.66288, 0.712289, 0.646251],
    [0.254431, 0.25156, 0.242311, 0.228841, 0.168306, 0.18613, 0.218184, 0.223241, 0.297134, 0.428253, 0.487954, 0.572865, 0.645797, 0.836555, 0.887622, 0.976839, 1, 0.970824, 0.827487, 0.730161, 0.725778, 0.720322],
    [0.215674, 0.212377, 0.201671, 0.187186, 0.135606, 0.155385, 0.18566, 0.18819, 0.240872, 0.35943, 0.414862, 0.482907, 0.536795, 0.73728, 0.777295, 0.90633, 0.970824, 1, 0.905259, 0.831532, 0.771898, 0.827026],
    [0.295487, 0.291678, 0.280334, 0.264649, 0.231031, 0.251531, 0.280839, 0.247932, 0.239471, 0.324699, 0.365884, 0.436992, 0.467392, 0.661527, 0.668212, 0.764964, 0.827487, 0.905259, 1, 0.984092, 0.930553, 0.983901],
    [0.326783, 0.323792, 0.311945, 0.293701, 0.267504, 0.283047, 0.306843, 0.281505, 0.252374, 0.319686, 0.354253, 0.395321, 0.408931, 0.584397, 0.569863, 0.66288, 0.730161, 0.831532, 0.984092, 1, 0.90632, 0.998295],
    [0.275258, 0.270271, 0.262514, 0.256841, 0.234282, 0.259111, 0.296937, 0.205393, 0.185094, 0.272965, 0.317572, 0.460765, 0.506595, 0.678853, 0.687655, 0.712289, 0.725778, 0.771898, 0.930553, 0.90632, 1, 0.909447],
    [0.300668, 0.297155, 0.285432, 0.26783, 0.24303, 0.261574, 0.285923, 0.254802, 0.221331, 0.283662, 0.314436, 0.361332, 0.374217, 0.558107, 0.548495, 0.646251, 0.720322, 0.827026, 0.983901, 0.998295, 0.909447, 1]
  ],
  "C_rec": [
    [1, 0.999968, 0.998252, 0.987289, 0.973207, 0.963547, 0.963399, 0.954528, 0.923973, 0.876638, 0.840582, 0.779904, 0.7487, 0.672537, 0.637113, 0.58272, 0.538552, 0.438633, 0.364394, 0.312363, 0.226059, 0.0307156],
    [0.999968, 1, 0.998662, 0.988438, 0.974543, 0.96436, 0.963307, 0.953105, 0.921847, 0.874232, 0.838297, 0.777537, 0.746525, 0.670923, 0.635646, 0.581284, 0.537421, 0.437488, 0.362006, 0.309128, 0.222242, 0.0299474],
    [0.998252, 0.998662, 1, 0.994814, 0.981655, 0.967688, 0.961191, 0.945809, 0.912261, 0.863505, 0.827611, 0.765833, 0.735797, 0.662534, 0.627522, 0.574052, 0.533035, 0.434802, 0.350234, 0.290467, 0.197704, 0.027267],
    [0.987289, 0.988438, 0.994814, 1, 0.991739, 0.971796, 0.95257, 0.922693, 0.883354, 0.830629, 0.79416, 0.731033, 0.7035, 0.634496, 0.601256, 0.550407, 0.513779, 0.415384, 0.316815, 0.250389, 0.152288, 0.0288009],
    [0.973207, 0.974543, 0.981655, 0.991739, 1, 0.989064, 0.961417, 0.90447, 0.851742, 0.788368, 0.747118, 0.683543, 0.658718, 0.587312, 0.558664, 0.509388, 0.470906, 0.364121, 0.276558, 0.231436, 0.145971, 0.0328475],
    [0.963547, 0.96436, 0.967688, 0.971796, 0.989064, 1, 0.985916, 0.911662, 0.841466, 0.77157, 0.726272, 0.661461, 0.637102, 0.561076, 0.534021, 0.479892, 0.441764, 0.346278, 0.281345, 0.248932, 0.15948, -0.022187],
    [0.963399, 0.963307, 0.961191, 0.95257, 0.961417, 0.985916, 1, 0.949183, 0.872188, 0.79681, 0.743945, 0.672638, 0.643208, 0.561391, 0.529977, 0.471111, 0.43433, 0.351747, 0.297009, 0.259706, 0.174007, -0.0918561],
    [0.954528, 0.953105, 0.945809, 0.922693, 0.90447, 0.911662, 0.949183, 1, 0.966546, 0.894288, 0.828028, 0.751776, 0.716395, 0.630166, 0.587228, 0.531275, 0.488213, 0.390123, 0.32068, 0.272755, 0.221883, -0.0438085],
    [0.923973, 0.921847, 0.912261, 0.883354, 0.851742, 0.841466, 0.872188, 0.966546, 1, 0.97009, 0.912338, 0.827277, 0.784645, 0.697677, 0.646025, 0.582997, 0.53177, 0.444129, 0.395162, 0.350108, 0.288723, 0.0742561],
    [0.876638, 0.874232, 0.863505, 0.830629, 0.788368, 0.77157, 0.79681, 0.894288, 0.97009, 1, 0.978812, 0.895666, 0.840862, 0.753352, 0.700304, 0.62855, 0.572235, 0.501188, 0.45377, 0.389519, 0.260887, 0.069601],
    [0.840582, 0.838297, 0.827611, 0.79416, 0.747118, 0.726272, 0.743945, 0.828028, 0.912338, 0.978812, 1, 0.95094, 0.894316, 0.798209, 0.743823, 0.668041, 0.606745, 0.533731, 0.467307, 0.386794, 0.202517, 0.0228889],
    [0.779904, 0.777537, 0.765833, 0.731033, 0.683543, 0.661461, 0.672638, 0.751776, 0.827277, 0.895666, 0.95094, 1, 0.981543, 0.88385, 0.825657, 0.754918, 0.6954, 0.624539, 0.545748, 0.468353, 0.25573, 0.0591375],
    [0.7487, 0.746525, 0.735797, 0.7035, 0.658718, 0.637102, 0.643208, 0.716395, 0.784645, 0.840862, 0.894316, 0.981543, 1, 0.943225, 0.892779, 0.818171, 0.760813, 0.691158, 0.609055, 0.529883, 0.307234, 0.108625],
    [0.672537, 0.670923, 0.662534, 0.634496, 0.587312, 0.561076, 0.561391, 0.630166, 0.697677, 0.753352, 0.798209, 0.88385, 0.943225, 1, 0.984203, 0.902362, 0.843045, 0.751963, 0.645095, 0.539192, 0.294678, 0.134786],
    [0.637113, 0.635646, 0.627522, 0.601256, 0.558664, 0.534021, 0.529977, 0.587228, 0.646025, 0.700304, 0.743823, 0.825657, 0.892779, 0.984203, 1, 0.954332, 0.905442, 0.798714, 0.679428, 0.574172, 0.329291, 0.191638],
    [0.58272, 0.581284, 0.574052, 0.550407, 0.509388, 0.479892, 0.471111, 0.531275, 0.582997, 0.62855, 0.668041, 0.754918, 0.818171, 0.902362, 0.954332, 1, 0.986654, 0.886345, 0.760567, 0.669791, 0.454308, 0.355888],
    [0.538552, 0.537421, 0.533035, 0.513779, 0.470906, 0.441764, 0.43433, 0.488213, 0.53177, 0.572235, 0.606745, 0.6954, 0.760813, 0.843045, 0.905442, 0.986654, 1, 0.937265, 0.815177, 0.717583, 0.498207, 0.403428],
    [0.438633, 0.437488, 0.434802, 0.415384, 0.364121, 0.346278, 0.351747, 0.390123, 0.444129, 0.501188, 0.533731, 0.624539, 0.691158, 0.751963, 0.798714, 0.886345, 0.937265, 1, 0.941175, 0.83385, 0.578756, 0.425435],
    [0.364394, 0.362006, 0.350234, 0.316815, 0.276558, 0.281345, 0.297009, 0.32068, 0.395162, 0.45377, 0.467307, 0.545748, 0.609055, 0.645095, 0.679428, 0.760567, 0.815177, 0.941175, 1, 0.960696, 0.764752, 0.536106],
    [0.312363, 0.309128, 0.290467, 0.250389, 0.231436, 0.248932, 0.259706, 0.272755, 0.350108, 0.389519, 0.386794, 0.468353, 0.529883, 0.539192, 0.574172, 0.669791, 0.717583, 0.83385, 0.960696, 1, 0.89537, 0.65954],
    [0.226059, 0.222242, 0.197704, 0.152288, 0.145971, 0.15948, 0.174007, 0.221883, 0.288723, 0.260887, 0.202517, 0.25573, 0.307234, 0.294678, 0.329291, 0.454308, 0.498207, 0.578756, 0.764752, 0.89537, 1, 0.801051],
    [0.0307156, 0.0299474, 0.027267, 0.0288009, 0.0328475, -0.022187, -0.0918561, -0.0438085, 0.0742561, 0.069601, 0.0228889, 0.0591375, 0.108625, 0.134786, 0.191638, 0.355888, 0.403428, 0.425435, 0.536106, 0.65954, 0.801051, 1]
  ],
  "c1": [-1.70341, -1.68802, -1.62687, -1.49358, -1.19987, -0.943898, -0.831108, -0.780855, -0.899398, -1.08573, -1.27846, -1.62966, -1.9247, -2.47241, -2.89204, -3.47053, -3.84154, -4.32666, -4.62535, -4.82302, -5.1084, -5.2701],
  "c1_sm": [-2.19321, -2.16941, -2.1108, -1.92776, -1.53723, -1.23797, -1.18374, -1.30854, -1.61098, -1.8817, -2.14536, -2.68225, -3.1326, -3.95939, -4.57842, -5.54104, -6.17676, -7.10965, -7.36793, -7.92942, -7.325, -5.70902],
  "c2": [0.947761, 0.942555, 0.952738, 0.957973, 0.946391, 0.923835, 0.908437, 0.900152, 0.90877, 0.923909, 0.940773, 0.973203, 1.00083, 1.05123, 1.08387, 1.12099, 1.13833, 1.14875, 1.1498, 1.15154, 1.17099, 1.20748],
  "c3_sm": [1.60425, 1.59588, 1.58537, 1.59605, 1.65772, 1.67666, 1.66717, 1.68914, 1.75696, 1.8129, 1.87631, 1.9408, 2.04906, 2.16053, 2.29246, 2.30877, 2.1361, 1.60538, 2.40414, -0.386748, 4.53069, 3.93038],
  "c4": [-1.63649],
  "c5": [6.40975, 6.55313, 6.44942, 6.32007, 6.19108, 6.16324, 6.55416, 7.11717, 7.24915, 7.26282, 7.23423, 7.13429, 7.02347, 6.78924, 6.63246, 6.48117, 6.44843, 6.52163, 6.6514, 6.7883, 7.09826, 7.35309],
  "c6": [0.492599, 0.483693, 0.485078, 0.494186, 0.501616, 0.500397, 0.498141, 0.493084, 0.486109, 0.478195, 0.470054, 0.45389, 0.440041, 0.420016, 0.410612, 0.404744, 0.403583, 0.403667, 0.404553, 0.405611, 0.408336, 0.411406],
  "delta_R": [7.60367, 2.45937, 10.3993, 5.07139, 7.94725, 10.1238, 7.78635, 1.60673, 2.05899, 1.43156, 5.26621, 4.01404, 11.7204, 5.16266, 11.8966, 4.01647, 15.6946, 7.45499, 8.15714, 7.18346, 11.3259, 4.66222, 6.52852, 6.99382, 8.59371, 16.7257, 6.1804, 8.87272, 12.6354, 5.8154, 9.12955, 17.9161, 11.4664, 11.0182, 24.9608, 58.8367, 55.4567, 36.3215, 23.0792, 20.6229, 16.1393, 19.4767, 7.07455, 17.1906, 21.9214, 8.08759, 8.20453, 2.23901, 2.54425, 3.64176, 29.9748, 19.9719, 30.7277, 52.0932, 13.6183, 1.85379, 1.6827, 1.26033, 5.40986, 4.47933, 2.81327, 0.49721, 1.69891, 0.647925, 0.86772, 2.46595, 1.61289, 1.13588, 0.497102, 1.30592, 0.835763, 0.672915, 0.806218, 1.88413, 1.92135, 3.00852, 0.6184, 0.969795, 0.602375, 2.13568, 4.39655, 1.33317, 3.76651, 1.37699, 0.57493, 0.537928, 0.629677, 2.40118, 0.800156, 3.8239, 0.793241, 0.968565, 1.00344, 1.16769, 0.839413, 0.638136, 0.876538, 0.765345, 2.91299, 1.32047, 1.38235, 1.10133, 1.38639, 1.19956, 2.98578, 3.09229, 3.58333, 0.61601, 0.645755, 1.97074, 1.43198, 0.310687, 2.41678, 1.09246, 0.168635, 0.342834, 0.250198, 0.83186, 1.13351, 2.90035, 0.70057, 1.16566, 0.638681, 0.440055, 0.651685, 0.401405, 0.62603, 0.262099, 0.769897, 0.525864, 2.70981, 1.26472, 0.621933, 1.17776, 0.775356, 0.533674, 2.79767, 1.84374, 1.65214, 2.21795, 1.39856, 1.57196, 1.06467, 1.2833, 2.8187, 1.19985, 1.39695, 2.43092, 1.81177, 1.9431, 1.01994, 1.74197, 4.17892, 2.04717, 1.57873, 1.11082, 4.65446, 3.73093, 1.74869, 1.78417, 2.51165, 4.69983, 0.393158, 0.263484, 1.7308, 1.4988, 1.94842, 1.23173, 1.12335, 0.291624, 0.213413, 0.492312, 1.25442, 1.10951, 1.33847, 0.604221, 0.296081, 0.705706, 0.694697, 0.527522, 1.11401, 0.735067, 0.378967, 0.830947, 0.721553, 4.0796, 0.756182, 0.866267, 1.86658, 0.534774, 0.41143, 0.483833, 1.8297, 2.76033, 1.00263, 0.906878, 0.598968, 1.04144, 0.624504, 3.96186, 2.16003, 3.95395, 4.49049, 1.75998, 3.99268, 0.77163, 1.74353, 1.05161, 2.08313, 2.14747, 6.33949, 1.12577, 0.861042, 0.906209, 1.43752, 0.410643, 0.857918, 0.675559, 12.8321, 3.20898, 10.4607, 1.70614, 2.15948, 9.8572, 9.16104, 4.8092, 8.57184, 5.51725, 3.79273, 7.78939, 5.37646, 2.0917, 4.93792, 2.99057, 2.9027, 4.99682, 2.69378, 2.33798, 0.944594, 0.749944, 1.76131, 3.1232, 1.55643, 37.5706, 0.748361, 1.10092, 0.960477, 0.676392, 1.27202, 1.39114, 0.4955, 2.98137, 0.506883, 0.5045, 0.283947, 0.492563, 0.501724, 14.2162, 5.37827, 11.1326, 7.75846, 2.72755, 3.001, 3.28458, 11.8959, 1.53134, 0.969847, 4.19305, 0.849341, 0.900037, 1.2921, 1.23498, 3.61752, 1.71273, 2.62407, 0.80608, 0.786741, 1.70956, 3.43035, 3.21855, 2.17939, 1.45134, 1.49954, 1.09372, 1.21601, 1.63561, 0.946212, 1.33719, 1.38419, 1.12862, 1.38829, 0.313525, 1.74754, 0.976598, 0.963132, 1.13723, 2.21189, 1.26131, 2.05539, 2.79841, 2.47252, 1.05517, 2.51381, 0.697668, 0.188464, 0.356447, 0.0983967, 0.174793, 0.433716, 0.45904, 0.43978, 1.46684, 0.523899, 0.274612, 0.777415, 0.828631, 0.499085, 0.647234, 0.46617, 0.496659, 0.429876, 0.680272, 1.83679, 0.424161, 0.66545, 0.484374, 0.37591, 0.783354, 0.422393, 2.23416, 0.805555, 1.46706, 1.82588, 1.81287, 1.57342, 2.30448, 0.457374, 0.244982, 0.209902, 0.244744, 1.66662, 1.92057, 2.98328, 1.45776, 1.05236, 2.72367, 2.07845, 5.35032, 2.58313, 3.50772, 3.5345, 4.00116, 3.14992, 1.60816, 3.33432, 5.98766, 3.71045, 2.55234, 1.42596, 5.129, 2.20512, 2.40566, 3.39609, 1.44898, 3.3073, 3.75601, 3.19735, 0.798682, 1.87718, 0.740836, 2.05922, 1.18596, 1.09998, 1.31074, 0.883471, 0.341847, 3.8198, 1.76584, 1.18756, 1.68646, 2.57153, 0.774471, 0.735503, 3.38564, 1.2908, 2.32794, 2.37578, 2.15275, 4.45119, 1.15475, 1.11461, 3.29846, 1.00865, 0.623875, 0.591245, 0.268201, 0.995509, 0.23853, 0.486392, 0.195755, 1.38898, 0.3756, 0.14781, 1.0854, 0.638438, 0.419014, 0.425793, 1.09182, 0.414148, 1.02046, 0.707206, 1.02834, 0.590953, 0.664902, 1.2941, 0.797897, 2.17131, 1.53911, 2.507, 1.20746, 3.18259, 1.37582, 0.575879, 0.239738, 0.321966, 0.431616, 0.426295, 0.334323, 1.06229, 1.43494, 0.437991, 0.873698, 3.78592, 3.88645, 6.24591, 5.8286, 0.298808, 0.289707, 1.06322, 0.531361, 0.73814, 3.46158, 1.12465, 1.22442, 0.997249, 2.26532, 2.00948, 0.886888, 0.735297, 1.2414, 0.47355, 0.79355, 0.375968, 0.288291, 1.90488, 0.74743, 0.573862, 0.967274, 2.05839, 0.883826, 0.636961, 1.01598, 1.05078, 0.309107, 0.4879, 1.86038, 1.6733, 2.64749, 1.41643, 1.66101, 0.804773, 4.02203, 13.9594, 0.539625, 0.671358, 0.593094, 0.556757, 0.337392, 0.30319, 0.350859, 0.51653, 0.741366, 0.315532, 1.63734, 1.25402, 0.590134, 0.134881, 0.523049, 0.640478, 0.924627, 0.430686, 0.5007, 0.217104, 0.241747, 0.362566, 0.842534, 0.400814, 1.06818, 1.08361, 0.365439, 0.596068, 0.802544, 0.524304, 0.492285, 0.889596, 0.333963, 1.27969, 0.695946, 0.472825, 0.62115, 0.650464, 1.11784, 0.894906, 0.351864, 1.21479, 0.319071, 0.678965, 0.231263, 1.2207, 0.170078, 1.06165, 1.66699, 0.623058, 0.219581, 0.0699976, 0.70663, 0.239563, 0.31672, 0.770066, 0.43443, 0.263497, 0.330776, 0.108945, 0.105971, 0.0537688, 0.0789382, 0.473258, 3.14319, 4.93821, 2.44148, 1.08478, 1.0203, 1.22343, 0.191207, 0.0945547, 0.207709, 2.76452, 1.88994, 0.941041, 1.7963, 1.29699, 1.0746, 1.27283, 3.27865, 2.14707, 1.96103, 0.682379, 0.478011, 0.331554, 0.268243, 0.243866, 0.220159, 0.687356, 0.299748, 0.170149, 0.173893, 0.389906, 2.78667, 1.89182, 0.298934, 0.177565, 0.358667, 0.421568, 1.10363, 0.72437, 1.41309, 0.521405, 0.580131, 0.5614, 1.92839, 0.522578, 0.481418, 0.366054, 0.131535, 0.257111, 0.133248, 0.929691, 2.07201, 1.54669, 0.946598, 1.27506, 1.67894, 0.0588674, 0.0797065, 0.0926499, 0.89417, 1.02241, 1.45188, 1.21854, 0.623885, 0.397533, 0.426772, 0.3095, 0.618706, 0.835559, 1.16451, 1.49749, 1.1782, 1.04536, 0.694452, 1.11594, 0.348593, 1.64822, 2.5985, 2.31982, 1.47394, 1.28574, 1.86815, 0.953516, 3.35674, 2.04752, 1.78486, 0.753216, 1.07069, 0.709284, 2.58251, 2.08328, 1.92239, 3.28254, 2.06459, 1.36173, 1.44456, 1.62373, 0.988373, 1.63285, 2.69577, 1.5516, 2.43364, 13.5121, 5.47499, 1.64607, 3.50357, 6.09313, 4.47859, 8.84914, 5.41981, 4.92524, 13.5592, 2.54726, 3.49289, 12.3019, 0.100035, 0.187562, 0.208169, 0.564874, 0.349751, 0.601227, 0.602842, 0.444325, 0.999994, 0.268964, 0.246886, 0.499504, 0.76858, 1.262, 1.21296, 1.92525, 0.465948, 1.01329, 0.739304, 1.05942, 0.413617, 0.735857, 1.2013, 1.26817, 1.28379, 1.0466, 0.882708, 2.97368, 1.28012, 1.77932, 0.867579, 2.78409, 0.749012, 1.05417, 0.589139, 1.11768, 1.01332, 0.600512, 0.738806, 1.30491, 0.418715, 1.52989, 1.74547, 0.610912, 0.232654, 0.290733, 0.275896, 0.114283, 0.167354, 0.436407, 0.43641, 1.08458, 1.33438, 0.50021, 0.747806, 0.751227, 1.11585, 1.2858, 0.727007, 2.31611, 1.18233, 0.507066, 0.71175, 0.307698, 0.410011, 0.41765, 0.845197, 0.541558, 0.697828, 0.315241, 0.895181, 0.815049, 0.734989, 0.550337, 0.306666, 0.335295, 0.194688, 0.258397, 0.245906, 2.32708, 1.57361, 1.2546, 1.74045, 1.16563, 2.43046, 0.852157, 5.29102, 1.64807, 0.833414, 0.896625, 1.57804, 1.49251, 0.906241, 1.45208, 1.29938, 2.4346, 1.9856, 0.150887, 0.443325, 0.372158, 0.46679, 0.57331, 0.228211, 0.596466, 1.29369, 5.96526, 4.89202, 0.209016, 0.190124, 0.124957, 1.21671, 0.66568, 0.305756, 0.757845, 0.90254, 2.15721, 0.800556, 0.558782, 2.22618, 1.71675, 3.295, 2.4109, 3.37185, 1.34716, 1.61321, 2.78144, 1.22234, 1.42292, 1.07518, 2.9887, 1.63545, 1.48226, 0.722748, 1.01285, 1.29214, 1.68692, 1.19076, 2.24129, 3.47233, 0.233205, 0.16437, 0.128616, 0.622602, 0.376042, 0.209647, 1.7232, 0.864472, 1.09185, 1.62907, 5.70306, 2.95103, 1.25155, 2.33746, 1.62255, 1.1313, 1.24379, 2.58301, 0.950228, 2.24289, 1.21445, 0.218221, 2.66951, 1.45365, 0.712456, 0.469495, 0.492978, 1.06711, 3.15447, 2.16539, 1.82727, 0.689102, 0.579586, 0.817565, 0.80819, 24.581, 31.7447, 11.7267, 19.4781, 4.8162, 16.0353, 4.71656, 10.6502, 6.31481, 6.09562, 0.663821, 0.980377, 0.4109, 1.07028, 0.757636, 0.598881, 8.15722, 4.16199, 9.16382, 4.1574, 8.77398, 4.71583, 0.856229, 2.18961, 0.98833, 1.12773, 0.33816, 0.370834, 0.228069, 0.892322, 1.92473, 0.492362, 2.32377, 1.43326, 1.21161, 1.88104, 0.227274, 0.587269, 0.170379, 0.844932, 2.44069, 1.47811, 1.07978, 0.711105, 1.47501, 2.71813, 2.02694, 0.913473, 1.97993, 2.03277, 1.50262, 1.3227, 0.180363, 0.258374, 0.335505, 1.39931, 4.02237, 2.90124, 1.95082, 4.05189, 1.61821, 1.68676, 2.59255, 1.02522, 3.49082, 2.97628, 1.98744, 0.901058, 1.79571, 2.07728, 2.0494, 1.2122, 1.13064, 0.852616, 1.66027, 0.930382, 0.585831, 1.58488, 1.98777, 2.18521, 0.158331, 0.349907, 0.466485, 0.250814, 0.314103, 0.744647, 2.14842, 1.81051, 0.946707, 0.129714, 0.304529, 0.204762, 0.27567, 1.59474, 0.785194, 1.57985, 0.886545, 0.400715, 0.999531, 2.83942, 2.06587, 1.73541, 1.41977, 1.41557, 1.20454, 1.33963, 1.83894, 1.37806, 1.04623, 0.445619, 1.6008, 1.05176, 0.966184, 1.03472, 1.06057, 1.52733, 5.4137, 7.24866, 6.0155, 2.28354, 5.11171, 6.37753, 11.2881, 2.75173, 2.27023, 9.49197, 20.0284, 4.2593, 9.4314, 6.5011, 1.31104, 21.0979, 11.4315, 6.71096, 9.20112, 4.66537, 7.89445, 4.31695, 4.92798, 6.28874, 7.30054, 6.74087, 7.64368, 3.33786, 5.06113, 5.32238, 10.0573, 12.0121, 1.06184, 13.2179, 8.88679, 1.54574, 1.10631, 0.572427, 0.236645, 0.194463, 0.292199, 0.462719, 0.199924, 0.480573, 0.479432, 0.51018, 0.543149, 0.569995, 0.758007, 2.60101, 1.3089, 2.44843, 1.30698, 1.31547, 1.89951, 2.82257, 1.56084, 1.66098, 1.48951, 2.21261, 2.40814, 3.65158, 0.92288, 5.39556, 1.46068, 0.88263, 1.90307, 0.708993, 2.6745, 1.01449, 0.657099, 0.944354, 1.2562, 1.85999, 0.711694, 1.62011, 2.25398, 0.549679, 0.595742, 0.954392, 1.52266, 0.579715, 0.298125, 0.696835, 1.39066, 1.15361, 0.622271, 0.800714, 0.38819, 0.248425, 0.516195, 0.579326, 1.30313, 0.485263, 1.00516, 1.23775, 0.904674, 0.657389, 0.656294, 0.757529, 1.98276, 1.07646, 1.36408, 0.786197, 1.44033, 4.94364, 3.64195, 2.36505, 1.30742, 10.1247, 0.495356, 1.51771, 0.689089, 0.638558, 0.474857, 0.646906, 0.749726, 0.634308, 1.0864, 0.738522, 0.541958, 1.59247, 0.330274, 0.284556, 0.408541, 0.585575, 0.256532, 0.553301, 0.244082, 0.346895, 0.450282, 0.697026, 0.995267, 0.494642, 2.7629, 1.29428, 1.55137, 0.702228, 0.67443, 0.959732, 1.70947, 0.712244, 0.453818, 2.97671, 1.46422, 0.823853, 1.62982, 1.49997, 0.429254, 0.604272, 1.52018, 0.432136, 1.57054, 0.232879, 0.221488, 0.146388, 0.164077, 0.371057, 0.0906914, 0.0745195, 0.63534, 0.437883, 0.326502, 0.23227, 0.134757, 0.26757, 0.818021, 2.26084, 1.73549, 0.824991, 2.2018, 1.69333, 2.09479, 2.96548, 0.824715, 1.07591, 1.05569, 1.17008, 0.0985273, 0.0839787, 0.104187, 0.114419, 0.0792026, 0.127432, 0.180302, 0.254174, 0.333038, 0.596581, 0.432942, 0.346524, 0.216247, 0.986608, 0.219569, 0.113831, 0.274707, 1.41807, 1.63701, 1.62073, 1.61477, 1.08058, 0.515286, 2.34629, 0.784957, 0.607716, 0.934796, 1.31174, 0.751599, 0.750809, 1.45946, 1.58361, 1.24069, 0.15096, 0.169163, 0.296742, 0.0523545, 0.222708, 0.278704, 0.296129, 0.247158, 0.334144, 0.23665, 0.147185, 0.159179, 0.0512831, 0.329017, 0.272042, 0.129924, 0.0777907, 0.131584, 0.165658, 0.507033, 0.228703, 0.196224, 0.358299, 0.0982869, 0.569809, 0.654857, 0.646959, 0.654234, 0.306163, 0.456379, 0.290434, 0.334236, 1.59557, 4.0049, 1.11617, 1.93224, 1.51612, 0.666294, 1.02318, 0.556549, 0.396255, 0.70373, 0.705097, 0.730483, 1.01994, 2.85713, 1.7579, 1.47467, 0.59778, 0.762786, 6.33076, 9.41103, 6.10825, 10.9876, 13.4783, 8.86784, 9.65239, 0.277389, 0.128627, 0.573078, 0.299592, 0.216717, 0.329353, 1.30684, 0.451574, 0.307104, 0.229846, 0.410443, 1.02453, 1.37252, 0.903244, 0.277986, 1.33535, 0.812377, 0.650844, 1.16291, 1.32922, 0.815328, 0.990684, 0.540473, 0.30924, 0.806679, 0.939091, 1.44151, 0.697232, 1.06356, 1.53467, 0.222438, 0.291274, 0.734705, 0.557245, 0.882846, 0.288645, 0.270691, 0.722116, 0.289364, 0.448049, 0.170884, 0.183725, 1.28652, 0.312772, 0.32446, 0.439669, 0.262944, 0.411161, 0.0723666, 0.193449, 0.577955, 0.338094, 0.225054, 0.349864, 0.0988497, 0.279336, 0.370268, 0.443107, 0.18061, 0.152433, 0.305274, 0.463695, 0.536441, 0.178054, 0.788166, 0.493419, 0.486308, 0.353859, 0.184956, 0.11458, 0.439096, 0.527742, 0.366364, 0.58477, 0.280561, 0.329612, 0.192307, 0.0981191, 0.327461, 0.268568, 0.470194, 0.115037, 0.0896073, 0.14168, 0.365241, 0.158513, 0.250311, 0.334755, 0.532798, 0.607245, 0.865196, 0.407751, 0.523588, 0.604821, 0.479651, 0.66693, 0.305278, 0.356084, 0.210757, 0.34103, 1.02894, 0.860805, 0.684274, 1.12183, 0.413273, 0.247758, 0.485244, 0.200458, 1.5976, 0.539391, 0.312024, 0.223486, 0.245395, 0.395541, 0.125374, 0.101939, 0.114724, 0.57222, 0.165619, 0.457223, 0.56399, 0.640268, 0.641116, 4.08441, 5.09667, 1.15994, 1.88603, 1.74911, 2.23454, 4.31349, 1.95852, 6.78625, 3.1841, 9.04963, 3.1882, 2.7308, 1.89701, 3.72397, 3.34921, 2.74573, 0.533708, 0.521439, 0.474977, 0.374867, 0.13437, 0.362375, 0.220717, 0.390332, 0.333321, 0.309052, 1.95431, 1.79132, 1.05438, 0.952278, 0.448203, 1.42912, 1.47307, 0.810971, 0.192614, 0.391022, 0.191874, 7.2442, 3.87053, 6.46772, 5.20376, 1.92308, 0.0934788, 0.0951282, 0.310998, 1.50229, 0.339861, 0.69574, 0.242209, 0.23317, 0.468789, 1.19781, 0.994565, 0.974824, 2.11797, 2.69176, 0.966089, 0.851581, 0.61147, 1.02905, 2.64509, 0.848323, 0.943465, 1.07273, 0.0646014, 0.047482, 0.0863206, 0.144678, 0.213294, 0.152574, 0.129951, 0.0636061, 0.0629235, 0.149571, 0.269057, 0.579651, 0.474298, 0.336698, 1.09347, 0.658553, 0.260789, 0.407728, 0.446918, 0.726775, 0.395627, 0.440257, 1.44317, 0.652494, 0.759401, 0.701084, 0.195786, 0.348861, 0.231364, 0.516489, 6.91443, 3.01673, 2.02794, 1.76524, 2.65389, 1.41784, 1.92608, 1.47125, 1.12037, 1.71539, 1.29657, 1.28108, 2.76524, 4.44867, 0.282322, 0.132677, 0.158542],
  "eqterm": [
    [-0.0505821, -0.0294, -0.0161615, 0.0449487, 0.0720316, 0.0772528, 0.0442022, 0.0233144, 0.0871729, 0.0573706, -0.048002, -0.187005, -0.245484, -0.377452, -0.286976, -0.16162, -0.126993, -0.138556, -0.394343, -0.443359, -0.482331, -0.42867],
    [0.00886051, 0.0188742, 0.0205737, 0.0420475, 0.0308795, 0.0349066, 0.0492731, 0.0102056, 0.0451119, 0.0976113, 0.0765246, 0.0595931, 0.0568336, 0.105812, 0.17813, 0.218055, 0.204185, 0.168235, 0.161761, 0.144153, 0.177003, 0.125344],
    [-0.204141, -0.195308, -0.187308, -0.166946, -0.0812768, -0.0937275, -0.0703491, -0.0813248, -0.0995251, -0.0780965, -0.0838907, -0.238766, -0.267696, -0.46626, -0.599884, -0.611646, -0.565198, -0.406038, -0.350517, -0.275244, -0.31178, -0.264406],
    [-0.0106758, -0.00606483, 0.0162702, 0.0501805, 0.164496, 0.171158, 0.0642891, -0.130001, -0.261421, -0.354293, -0.413816, -0.399289, -0.23079, -0.137651, -0.0384987, -0.209773, -0.353072, -0.526778, -0.4305, -0.430991, -0.168858, -0.410275],
    [0.345958, 0.346261, 0.361544, 0.402301, 0.381881, 0.451928, 0.524142, 0.582216, 0.640535, 0.572749, 0.50252, 0.433984, 0.323716, -0.00351522, -0.0697677, -0.266399, -0.437373, -0.608336, -1.02864, -1.17702, -0.859752, -1.12137],
    [0.275105, 0.2917, 0.325207, 0.390314, 0.494562, 0.554339, 0.494814, 0.436694, 0.462246, 0.357307, 0.360333, 0.181813, 0.148676, -0.113524, -0.278903, -0.199295, -0.16588, -0.200198, -0.701835, -0.816388, -0.83761, -0.78458],
    [0.790963, 0.789844, 0.784935, 0.815994, 0.771447, 0.846348, 0.886242, 0.992273, 0.953728, 0.930611, 0.856582, 0.759726, 0.681194, 0.643453, 0.711267, 0.754593, 0.682159, 0.569671, 0.326856, 0.255385, 0.150832, 0.197502],
    [0.0919876, 0.0667813, 0.0699261, 0.102037, 0.106746, 0.200801, 0.306498, 0.0374856, 0.0457888, 0.121222, 0.141446, 0.414548, 0.516066, 0.650041, 0.763755, 0.658831, 0.555537, 0.432153, 0.434267, 0.258681, 0.781958, 0.268188],
    [-1.33832, -1.34038, -1.34859, -1.40075, -1.47547, -1.60045, -1.50643, -1.61662, -1.34595, -1.07082, -0.916549, -0.648016, -0.510276, -0.303433, -0.242149, -0.304683, -0.27893, -0.254722, -0.0555732, -0.0997099, 0.326193, -0.0460983],
    [0.202403, 0.225236, 0.241835, 0.299595, 0.396589, 0.404631, 0.34703, 0.230797, 0.196308, 0.188595, 0.187666, 0.0634383, 0.0345604, -0.0593663, -0.121818, -0.023216, 0.0085996, 0.0746861, 0.0905123, 0.143102, 0.020908, 0.105848],
    [-0.00415779, 0.000138031, 0.0113751, -0.0208962, 0.129208, -0.0246021, 0.0710603, -0.0874924, 0.0171131, -0.0119542, -0.0104449, 0.0289325, -0.0346371, -0.000860378, 0.0360133, 0.0113352, 0.0701593, 0.268452, 0.547439, 0.0889164, 1.00458, 0.0902927],
    [-0.249413, -0.25418, -0.249087, -0.315196, -0.308805, -0.331035, -0.336296, -0.178121, -0.20672, -0.208213, -0.147703, -0.275457, -0.127227, -0.024591, -0.140239, -0.278279, -0.305416, -0.402288, -0.519036, -0.526844, -0.52848, -0.492721],
    [0.388658, 0.388707, 0.376559, 0.388497, 0.334994, 0.371335, 0.388387, 0.552937, 0.58307, 0.590409, 0.537335, 0.398581, 0.33164, 0.363846, 0.448174, 0.739279, 0.876438, 0.920962, 0.597555, 0.535045, 0.150688, 0.48148],
    [-0.02329, 0.000252526, 0.0140495, -0.0615574, -0.155174, 0.0392795, 0.0892262, 0.0180439, 0.0106474, 0.0238254, 0.0236974, 0.0144582, 0.0581822, 0.0111417, 0.0482843, -0.0302067, -0.012662, 0.0237601, 0.170018, 0.0955193, 0.645171, -0.699455],
    [0.446547, 0.476984, 0.482367, 0.53678, 0.534611, 0.534891, 0.483662, 0.399908, 0.399538, 0.428513, 0.403256, 0.355793, 0.269216, 0.30363, 0.377634, 0.477441, 0.432616, 0.384906, 0.499313, 0.558177, 0.426795, 0.48031],
    [1.19846, 1.26158, 1.2986, 1.36756, 1.51073, 1.52512, 1.37937, 1.32297, 1.11462, 1.0229, 1.06969, 0.714138, 0.573795, 0.337604, 0.0025933, -0.189582, -0.422941, -0.524481, -0.234751, 0.0220586, -0.23216, -0.0927248],
    [0.00529744, -0.000482057, 0.00424357, 0.0295675, 0.00756792, -0.0154983, 0.157284, -0.0405434, -0.0109419, 0.021266, 0.0738816, -0.0190367, 0.0663929, 0.0355809, 0.0117011, -0.0147805, 0.029926, 0.11888, -0.562203, 0.325544, -0.415168, 0.395977],
    [0.509836, 0.506288, 0.511975, 0.526914, 0.533218, 0.64177, 0.737951, 0.652999, 0.589605, 0.676432, 0.707555, 0.679486, 0.756453, 0.930325, 0.918545, 0.862519, 0.777413, 0.642922, 0.60747, 0.518909, 0.676472, 0.469257],
    [0.452238, 0.450048, 0.453501, 0.472932, 0.512631, 0.585689, 0.595454, 0.568655, 0.456303, 0.4296, 0.39403, 0.304141, 0.332354, 0.395217, 0.40096, 0.431455, 0.426307, 0.400329, 0.375909, 0.363569, 0.287166, 0.327261],
    [0.00717667, 0.000541526, -0.00145816, -0.011274, -0.0219493, 0.0193603, -0.00348614, -0.107812, 0.029415, -0.0134674, -0.0429987, -0.0144206, -0.135265, -0.025316, -0.0121919, -0.0341775, 0.049499, -0.20863, 0.386162, -0.00431175, 0.447484, -0.326288],
    [0.884509, 0.868271, 0.874378, 0.912498, 1.03891, 1.28275, 1.30632, 1.11273, 0.719355, 0.521167, 0.34821, 0.192324, 0.193589, 0.346659, 0.348702, 0.46443, 0.601974, 0.734409, 0.982064, 1.02624, 0.796331, 1.00676],
    [0.0225148, -0.000409299, 0.0117101, -0.036832, -0.102856, -0.0360521, 0.0385613, 0.0197623, 0.0284227, -0.019686, -0.044075, 0.0255065, 0.113271, 0.0129395, 0.0176984, 0.0155272, -0.0218168, -0.0412958, 0.0184677, 0.0383495, 0.49943, 0.578249],
    [0.657931, 0.648999, 0.646291, 0.659479, 0.649251, 0.683838, 0.653229, 0.696454, 0.621687, 0.5453, 0.526037, 0.552367, 0.529078, 0.503677, 0.531761, 0.496994, 0.40014, 0.290177, 0.184624, 0.15341, 0.107701, 0.112272],
    [-0.0024664, -0.00057868, 0.0230935, 0.0135483, 0.0577064, -0.00869462, 0.0668868, -0.0590476, -0.037031, -0.0194887, -0.0245391, 0.000551241, 0.0489132, -0.00727455, 0.0200339, -0.000696829, 0.0946961, -0.0746841, -0.138639, -0.100355, -0.111972, 0.429334],
    [0.00204177, 0.000169782, 0.00438875, -0.023439, -0.0916819, -0.0295454, 0.00693222, -0.0216186, 0.0125134, -0.010491, -0.011004, -0.0210432, -0.0564227, -0.0100236, 0.0151529, -0.0398444, 0.0395631, 0.113943, -0.227398, 0.0558987, -0.405581, 0.41394],
    [1.12204, 1.12626, 1.15324, 1.21187, 1.42828, 1.56057, 1.3771, 1.20568, 0.762813, 0.367571, 0.236146, 0.0639084, -0.0258345, -0.261072, -0.460097, -0.57376, -0.616649, -0.54014, -0.237883, -0.0452136, -0.303292, -0.0494971],
    [-0.0486111, -0.0513391, -0.0416531, -0.0153557, 0.110923, 0.193608, 0.0121714, -0.19039, -0.466971, -0.830241, -1.04644, -1.0708, -1.13725, -1.14109, -1.06323, -0.864233, -0.608439, -0.362391, -0.0502899, 0.0888076, -0.248629, 0.173644],
    [1.29181, 1.29054, 1.29899, 1.33604, 1.50117, 1.62193, 1.4685, 1.41804, 0.94846, 0.622779, 0.473461, 0.260749, 0.200687, 0.129194, 0.0390582, -0.000966959, -0.0328227, 0.0385971, 0.39832, 0.618648, 0.179176, 0.552277],
    [0.305332, 0.291134, 0.308537, 0.363634, 0.546735, 0.63471, 0.566411, 0.318314, 0.0495366, -0.190296, -0.301637, -0.283424, -0.311259, -0.55426, -0.643125, -0.780345, -0.800144, -0.663162, -0.391536, -0.301558, -0.18358, -0.253302],
    [0.00898082, 0.0010067, -0.00667892, 0.0199339, -0.0715933, -0.029997, 0.0430862, -0.0640579, 0.00930185, -0.0466874, -0.0428292, -0.00916815, 0.0227523, -0.0386262, 0.019962, 0.0419835, 0.0399221, 0.0426564, -0.107377, 0.270011, -0.303312, 0.468551],
    [0.0107732, -0.000220636, -0.00508714, 0.0816458, 0.0712872, -0.0316504, 0.0960683, 0.0393768, 0.0166271, -7.00771e-05, 0.00238869, -0.000826892, -0.0220509, -0.0382414, -0.0192228, 0.0179902, 0.058878, 0.0610919, -0.162865, -0.0184569, -0.254811, -0.119628],
    [0.0028512, -0.00216535, 0.00676873, -0.00109659, 0.141788, 0.119222, 0.0337368, 0.0579328, -0.188519, -0.320663, -0.406269, -0.579119, -0.447686, -0.505419, -0.543005, -0.777913, -0.882672, -0.88513, -0.649417, -0.500587, -0.503725, -0.486027],
    [0.00653232, -0.000541712, 0.0092758, -0.0243006, 0.0212878, -0.00850907, 0.0559792, -0.0397927, 0.0173349, -0.0103125, -0.0241621, -0.0126025, -0.00134295, 0.000646532, -0.0331757, -0.00621181, 0.0570887, -0.139739, -0.0391776, -0.0832933, 0.0772227, -0.386219],
    [0.00666653, -3.86799e-05, 0.00536547, -0.0562016, -0.0062204, 0.0235642, 0.033809, -0.0567567, 0.0285861, -0.0101634, -0.0490886, 0.0241551, 0.0330131, 0.0117233, 0.0156181, 0.00278048, -0.0517669, -0.0785883, 0.016616, 0.190117, -0.385812, -0.0672722],
    [0.0774523, 0.0830916, 0.101199, 0.147415, 0.199681, 0.25879, 0.189394, -0.0761462, -0.113499, -0.220062, -0.249022, -0.114018, -0.127447, -0.109169, -0.0716927, -0.0435463, -0.0314291, -0.0630195, -0.00387336, -0.0456181, 0.110114, -0.00992255],
    [0.0131152, 0.000246871, 0.00716009, 0.021812, 0.0335478, 0.0153492, 0.0881019, 0.0159757, 0.03476, -0.0215319, -0.0610321, -0.00267658, 0.0309113, 0.0230776, 0.00604835, 0.0272983, -0.0249161, 0.102691, -0.521265, -0.133454, 0.0464262, -0.584126],
    [0.00727378, 0.000337709, 0.0188679, -0.0125399, 0.0996242, -0.0530058, 0.0755431, 0.0882305, 0.0157458, -0.0119398, 0.0102526, -0.0268906, 0.0189846, 0.00294418, 0.00774576, -0.00277224, -0.146478, -0.0534479, 0.320707, 0.0505114, -0.0771071, 0.27602],
    [-0.00387901, -0.00100646, -0.0103432, 0.0172749, 0.187642, 0.00341688, -0.0645603, -0.140142, -0.0169288, 0.0317792, 0.0304758, 0.000588269, 0.00326554, 0.0861607, -0.0011586, 0.0286317, 0.0476181, 0.0806091, 0.0269021, -0.079008, -0.665699, 0.954025],
    [0.00184153, -0.000554256, -0.00230041, 0.0491834, 0.128046, -0.0694043, 0.0330046, 0.0678128, 0.0114868, -0.00707963, 0.00330812, -0.00353545, -0.0659425, 0.0375406, 0.000177602, -0.00999517, 0.0359224, 0.0744799, -0.219341, -0.106646, 0.389558, -0.569541],
    [0.00132211, 0.000409179, 0.000883891, -0.047717, 0.0544503, 0.0296158, -0.0288322, -0.0707947, 0.0457324, 0.00662431, -0.0271869, -0.00417116, 0.0280889, -0.00814145, 0.00167992, -0.00475288, 0.00968534, 0.279894, -0.13275, 0.0492603, 0.305914, -0.345695],
    [0.00825135, 0.000121835, -0.0175535, 0.0571236, 0.114231, -0.0349859, 0.110789, 0.12517, -0.014718, 0.0018573, 0.026816, -0.0288585, -0.0473572, 0.033126, -0.0104338, -0.0137498, -0.0239566, 0.0692896, -0.703086, 0.0986443, -0.784252, -1.22035],
    [0.00243294, 0.000876852, 0.00543696, -0.0631841, 0.16362, -0.0339865, 0.165906, -0.0688238, 0.0305718, 0.0173792, -0.0335092, -0.00288648, -0.0295713, -0.00899117, 0.00586771, 0.0173066, 0.014305, -0.0269412, 0.455882, -0.123387, -0.170243, 0.53827],
    [0.545073, 0.526379, 0.542154, 0.569267, 0.750729, 0.869117, 0.843705, 0.793052, 0.460895, 0.301106, 0.176476, -0.0533446, 0.117529, 0.12307, 0.0992811, -0.0392217, -0.104557, -0.14666, -0.164371, -0.152786, -0.144804, -0.156547],
    [0.113507, 0.101594, 0.101372, 0.103453, 0.156645, 0.223369, 0.244987, 0.153487, 0.0409645, 0.01882, 0.00634979, 0.00130677, 0.0499854, 0.142486, 0.127627, 0.181611, 0.259594, 0.345096, 0.457698, 0.465878, 0.419558, 0.459629],
