{
  "A_eq_lm": [
    [0.143161, 0.209533, 0.0200407, -0.039054, 0.0425603, 0.0371232, 0.123343, 0.256674, 0.406448, -0.12656],
    [0.137913, 0.213334, 0.0170194, -0.0412493, 0.0451476, 0.0402306, 0.122683, 0.251872, 0.404773, -0.122631],
    [0.138962, 0.213384, 0.019467, -0.0474721, 0.0415358, 0.0320192, 0.120493, 0.248894, 0.40894, -0.126475],
    [0.140912, 0.230373, 0.0339667, -0.0714729, 0.0517036, 0.0244936, 0.109988, 0.236433, 0.419445, -0.126301],
    [0.152762, 0.250144, 0.0550375, -0.0825241, 0.0345964, 0.0372057, 0.0877428, 0.204345, 0.435425, -0.140706],
    [0.173106, 0.244439, 0.0722442, -0.106029, 0.0292279, 0.036259, 0.0699603, 0.213066, 0.434233, -0.165774],
    [0.216482, 0.246911, 0.0328321, -0.0999609, 0.0292613, 0.00274257, 0.0277467, 0.246296, 0.43114, -0.173332],
    [0.232383, 0.21605, -0.0334914, -0.0814374, 0.00774695, 0.0319151, 0.0729445, 0.321973, 0.447409, -0.175068],
    [0.221671, 0.220404, -0.0497429, -0.0536403, 0.0329369, 0.0618472, 0.120533, 0.337775, 0.421712, -0.161305],
    [0.207162, 0.210399, -0.0643625, -0.020417, 0.0456037, 0.0623137, 0.129205, 0.383769, 0.466461, -0.155797],
    [0.145003, 0.227715, -0.0568806, 0.053737, 0.061362, 0.0829311, 0.0975357, 0.381234, 0.406292, -0.12733],
    [0.0987384, 0.20746, -0.037996, 0.058901, 0.134163, 0.0513164, 0.151584, 0.379191, 0.310976, -0.109997],
    [0.0651002, 0.177197, -0.00343424, 0.0693356, 0.141716, 0.0420631, 0.180643, 0.385812, 0.322897, -0.117837],
    [0, 0.07456, 0.0402406, 0.0935683, 0.122675, 0.0871625, 0.25933, 0.341651, 0.439119, -0.0697335],
    [0, 0, 0.0155746, 0.133829, 0.132049, -0.000685735, 0.239565, 0.315802, 0.511438, -0.0526544],
    [0, 0, 0, 0.11224, 0.134754, 0.0356621, 0.260916, 0.263667, 0.525566, 0.0878555],
    [0, 0, 0, 0, 0.0962624, 0.119514, 0.339877, 0.215091, 0.468621, 0.185153],
    [0, 0, 0, 0, 0, 0.0543586, 0.200239, 0.150552, 0.322758, 0.287537],
    [0, 0, 0, 0, 0, 0, 0.0394967, 0.194419, 0.272063, 0.397239],
    [0, 0, 0, 0, 0, 0, 0, 0.170331, 0.303828, 0.449233],
    [0, 0, 0, 0, 0, 0, 0, 0, 0.575095, 0.453125],
    [0, 0, 0, 0, 0, 0, 0, 0, 0, 0.403883]
  ],
  "A_rec": [
    [0.812333, 0, 0, 0, 0, 0, 0, 0, 0, 0],
    [0.805353, 0.00413929, 0, 0, 0, 0, 0, 0, 0, 0],
    [0.814325, 0.0234094, 0.0170681, 0, 0, 0, 0, 0, 0, 0],
    [0.825254, 0.0767311, 0.05703, 0.00819798, 0, 0, 0, 0, 0, 0],
    [0.834633, 0.110679, 0.0732029, 0.0415021, 0.0776612, 0, 0, 0, 0, 0],
    [0.818854, 0.0873909, 0.0598884, 0.0482435, 0.17611, 0.0137769, 0, 0, 0, 0],
    [0.808964, 0.0138782, 0.0633152, 0.0128202, 0.22454, 0.0732003, 0.0312883, 0, 0, 0],
    [0.802804, -0.120765, 0.100952, -0.0330074, 0.0904988, 0.073309, 0.140906, 0.0258923, 0, 0],
    [0.791802, -0.161231, 0.0666298, 0.0209559, -0.0302778, 0.0518743, 0.148031, 0.142058, 0.00662998, 0],
    [0.770748, -0.167139, -0.00188536, 0.0466964, -0.123729, 0.0990775, 0.025618, 0.229248, 0.0313644, 0.0246285],
    [0.756674, -0.144852, -0.065321, 0.0309488, -0.165981, 0.129154, -0.0799192, 0.185126, 0.113831, 0.0675018],
    [0.708788, -0.163784, -0.0775741, 0.012964, -0.175862, -0.0189878, -0.0900964, 0.000418796, 0.273437, 0.119232],
    [0.664274, -0.183824, -0.0488431, -0.0109102, -0.166977, -0.136902, -0.125827, -0.0406142, 0.288802, 0.0535397],
    [0.595794, -0.219789, -0.00215252, -0.135639, -0.159568, -0.264466, -0.288067, -0.0102368, 0.188524, -0.0566637],
    [0.543276, -0.232679, 0.0298332, -0.132151, -0.124957, -0.299839, -0.379192, -0.0148696, 0.0736319, -0.0170971],
    [0.440168, -0.293331, 0.134854, -0.0546366, -0.189471, -0.287849, -0.391689, -0.139028, -0.0666958, 0.110898],
    [0.376666, -0.288173, 0.18471, 0.00931033, -0.185754, -0.249895, -0.392572, -0.212174, -0.0822944, 0.103614],
    [0.310191, -0.283551, 0.185602, 0.140022, -0.201963, -0.168607, -0.362935, -0.246842, -0.0411387, -0.0445046],
    [0.263005, -0.216724, 0.155994, 0.119814, -0.2268, -0.0447804, -0.362918, -0.258195, -0.0511529, -0.155655],
    [0.213519, -0.187356, 0.196686, 0.0773942, -0.250866, 0.0305926, -0.331303, -0.292493, -0.0274143, -0.163109],
    [0.171693, -0.110968, 0.290489, -0.0799302, -0.311641, 0.131768, -0.260147, -0.350479, -0.00944421, -0.108001],
    [0.032564, -0.0872588, 0.181343, -0.0255155, -0.427521, 0.0586486, -0.178232, -0.115646, -0.0685664, 0.0950911]
  ],
  "c_attn_1": [0.00755066, 0.00740417, 0.00757913, 0.00785573, 0.00844105, 0.00928202, 0.00963282, 0.00959815, 0.00900536, 0.00823206, 0.00741551, 0.00617417, 0.0052071, 0.00365597, 0.00285254, 0.00203628, 0.00177395, 0.00133445, 0.0012535, 0.00124086, 0.00113, 0.000978619],
  "C_eq_lm": [
    [1, 0.999848, 0.999693, 0.996139, 0.986205, 0.978354, 0.970911, 0.979473, 0.983762, 0.98163, 0.963225, 0.929418, 0.919699, 0.878924, 0.836648, 0.786262, 0.714314, 0.553209, 0.38363, 0.33701, 0.418247, -0.219705],
    [0.999848, 1, 0.999745, 0.996632, 0.986917, 0.978373, 0.97003, 0.977949, 0.982737, 0.98049, 0.962799, 0.929266, 0.919041, 0.87851, 0.835014, 0.786814, 0.717134, 0.556473, 0.386616, 0.340551, 0.42292, -0.21427],
    [0.999693, 0.999745, 1, 0.997769, 0.989031, 0.981353, 0.973396, 0.979125, 0.981655, 0.978525, 0.958321, 0.923011, 0.912936, 0.872322, 0.830984, 0.781441, 0.710683, 0.550681, 0.381684, 0.336361, 0.422954, -0.22019],
    [0.996139, 0.996632, 0.997769, 1, 0.995164, 0.989204, 0.979724, 0.974761, 0.972788, 0.966053, 0.942096, 0.90513, 0.893981, 0.850584, 0.808871, 0.761845, 0.69453, 0.537371, 0.374987, 0.33365, 0.429495, -0.21586],
    [0.986205, 0.986917, 0.989031, 0.995164, 1, 0.997078, 0.984775, 0.967315, 0.958164, 0.945799, 0.918117, 0.86699, 0.852991, 0.811024, 0.767274, 0.720459, 0.655295, 0.500864, 0.339834, 0.305804, 0.426568, -0.235435],
    [0.978354, 0.978373, 0.981353, 0.989204, 0.997078, 1, 0.990631, 0.969137, 0.954635, 0.93837, 0.904679, 0.849293, 0.834314, 0.784094, 0.738554, 0.682657, 0.615163, 0.456871, 0.302661, 0.269441, 0.389612, -0.270824],
    [0.970911, 0.97003, 0.973396, 0.979724, 0.984775, 0.990631, 1, 0.983799, 0.964983, 0.949182, 0.914978, 0.854303, 0.830177, 0.751391, 0.716026, 0.651183, 0.563882, 0.417112, 0.296876, 0.265415, 0.367164, -0.275054],
    [0.979473, 0.977949, 0.979125, 0.974761, 0.967315, 0.969137, 0.983799, 1, 0.993233, 0.985413, 0.954461, 0.898906, 0.874882, 0.801917, 0.765218, 0.701601, 0.62096, 0.471634, 0.337067, 0.294276, 0.362638, -0.261173],
    [0.983762, 0.982737, 0.981655, 0.972788, 0.958164, 0.954635, 0.964983, 0.993233, 1, 0.995857, 0.974079, 0.93505, 0.912846, 0.841248, 0.7936, 0.73518, 0.66374, 0.503936, 0.350361, 0.300051, 0.348691, -0.24305],
    [0.98163, 0.98049, 0.978525, 0.966053, 0.945799, 0.93837, 0.949182, 0.985413, 0.995857, 1, 0.986423, 0.952205, 0.934718, 0.875048, 0.836219, 0.779336, 0.697551, 0.540614, 0.391676, 0.33989, 0.380458, -0.219555],
    [0.963225, 0.962799, 0.958321, 0.942096, 0.918117, 0.904679, 0.914978, 0.954461, 0.974079, 0.986423, 1, 0.976527, 0.959823, 0.891964, 0.844648, 0.786365, 0.688613, 0.536563, 0.405912, 0.35365, 0.36831, -0.195136],
    [0.929418, 0.929266, 0.923011, 0.90513, 0.86699, 0.849293, 0.854303, 0.898906, 0.93505, 0.952205, 0.976527, 1, 0.993657, 0.916552, 0.859982, 0.798272, 0.70383, 0.531729, 0.389357, 0.324267, 0.296167, -0.1849],
    [0.919699, 0.919041, 0.912936, 0.893981, 0.852991, 0.834314, 0.830177, 0.874882, 0.912846, 0.934718, 0.959823, 0.993657, 1, 0.946859, 0.895868, 0.830735, 0.733737, 0.551942, 0.393193, 0.324236, 0.30036, -0.195868],
    [0.878924, 0.87851, 0.872322, 0.850584, 0.811024, 0.784094, 0.751391, 0.801917, 0.841248, 0.875048, 0.891964, 0.916552, 0.946859, 1, 0.975583, 0.944935, 0.876857, 0.705299, 0.498942, 0.434957, 0.465492, -0.10757],
    [0.836648, 0.835014, 0.830984, 0.808871, 0.767274, 0.738554, 0.716026, 0.765218, 0.7936, 0.836219, 0.844648, 0.859982, 0.895868, 0.975583, 1, 0.972384, 0.874684, 0.722299, 0.537096, 0.482758, 0.546013, -0.0778846],
    [0.786262, 0.786814, 0.781441, 0.761845, 0.720459, 0.682657, 0.651183, 0.701601, 0.73518, 0.779336, 0.786365, 0.798272, 0.830735, 0.944935, 0.972384, 1, 0.952615, 0.853194, 0.682774, 0.637508, 0.693709, 0.130452],
    [0.714314, 0.717134, 0.710683, 0.69453, 0.655295, 0.615163, 0.563882, 0.62096, 0.66374, 0.697551, 0.688613, 0.70383, 0.733737, 0.876857, 0.874684, 0.952615, 1, 0.93503, 0.742608, 0.695971, 0.728317, 0.279377],
    [0.553209, 0.556473, 0.550681, 0.537371, 0.500864, 0.456871, 0.417112, 0.471634, 0.503936, 0.540614, 0.536563, 0.531729, 0.551942, 0.705299, 0.722299, 0.853194, 0.93503, 1, 0.914043, 0.885179, 0.85855, 0.572145],
    [0.38363, 0.386616, 0.381684, 0.374987, 0.339834, 0.302661, 0.296876, 0.337067, 0.350361, 0.391676, 0.405912, 0.389357, 0.393193, 0.498942, 0.537096, 0.682774, 0.742608, 0.914043, 1, 0.993958, 0.882478, 0.762828],
    [0.33701, 0.340551, 0.336361, 0.33365, 0.305804, 0.269441, 0.265415, 0.294276, 0.300051, 0.33989, 0.35365, 0.324267, 0.324236, 0.434957, 0.482758, 0.637508, 0.695971, 0.885179, 0.993958, 1, 0.908922, 0.790278],
    [0.418247, 0.42292, 0.422954, 0.429495, 0.426568, 0.389612, 0.367164, 0.362638, 0.348691, 0.380458, 0.36831, 0.296167, 0.30036, 0.465492, 0.546013, 0.693709, 0.728317, 0.85855, 0.882478, 0.908922, 1, 0.618889],
    [-0.219705, -0.21427, -0.22019, -0.21586, -0.235435, -0.270824, -0.275054, -0.261173, -0.24305, -0.219555, -0.195136, -0.1849, -0.195868, -0.10757, -0.0778846, 0.130452, 0.279377, 0.572145, 0.762828, 0.790278, 0.618889, 1]
  ],
  "C_rec": [
    [1, 0.999987, 0.999368, 0.993308, 0.982279, 0.968209, 0.956337, 0.9565, 0.94398, 0.918535, 0.903646, 0.869969, 0.838282, 0.745369, 0.688364, 0.563941, 0.497721, 0.440345, 0.39946, 0.332688, 0.25614, 0.0607524],
    [0.999987, 1, 0.999502, 0.99377, 0.982935, 0.968727, 0.956409, 0.955748, 0.94298, 0.917499, 0.902745, 0.868924, 0.837079, 0.743946, 0.68684, 0.562002, 0.495758, 0.438271, 0.397763, 0.331183, 0.255286, 0.0599149],
    [0.999368, 0.999502, 1, 0.996771, 0.987204, 0.972049, 0.957772, 0.954281, 0.939525, 0.912185, 0.896471, 0.861649, 0.829796, 0.736942, 0.680251, 0.556407, 0.49158, 0.434022, 0.394713, 0.33051, 0.260299, 0.0631237],
    [0.993308, 0.99377, 0.996771, 1, 0.994131, 0.976697, 0.95674, 0.944679, 0.92561, 0.894387, 0.876633, 0.839202, 0.806881, 0.713127, 0.657472, 0.536627, 0.476098, 0.42027, 0.384445, 0.325727, 0.267707, 0.0680646],
    [0.982279, 0.982935, 0.987204, 0.994131, 1, 0.99243, 0.972977, 0.939104, 0.906978, 0.865359, 0.842067, 0.801212, 0.767967, 0.669577, 0.61837, 0.494273, 0.438494, 0.386313, 0.34732, 0.285333, 0.219054, -0.00760707],
    [0.968209, 0.968727, 0.972049, 0.976697, 0.99243, 1, 0.990478, 0.941373, 0.894649, 0.842986, 0.814865, 0.770378, 0.73582, 0.636432, 0.589985, 0.458866, 0.404046, 0.351149, 0.307068, 0.23991, 0.161167, -0.101061],
    [0.956337, 0.956409, 0.957772, 0.95674, 0.972977, 0.990478, 1, 0.963172, 0.908232, 0.848042, 0.813274, 0.758396, 0.716295, 0.610588, 0.561088, 0.430111, 0.375281, 0.321374, 0.279398, 0.219413, 0.152115, -0.134518],
    [0.9565, 0.955748, 0.954281, 0.944679, 0.939104, 0.941373, 0.963172, 1, 0.975509, 0.912747, 0.861288, 0.805113, 0.762273, 0.647538, 0.580475, 0.468889, 0.40869, 0.353856, 0.303068, 0.253634, 0.211387, -0.0148245],
    [0.94398, 0.94298, 0.939525, 0.92561, 0.906978, 0.894649, 0.908232, 0.975509, 1, 0.971157, 0.91937, 0.842284, 0.793771, 0.674852, 0.600265, 0.483112, 0.411278, 0.363758, 0.307641, 0.245955, 0.176841, 0.0536499],
    [0.918535, 0.917499, 0.912185, 0.894387, 0.865359, 0.842986, 0.848042, 0.912747, 0.971157, 1, 0.979095, 0.88292, 0.822998, 0.712584, 0.643131, 0.517814, 0.437882, 0.393633, 0.351031, 0.283694, 0.192451, 0.146677],
    [0.903646, 0.902745, 0.896471, 0.876633, 0.842067, 0.814865, 0.813274, 0.861288, 0.91937, 0.979095, 1, 0.936217, 0.875875, 0.761505, 0.689313, 0.558138, 0.478553, 0.432925, 0.400236, 0.338732, 0.250902, 0.210833],
    [0.869969, 0.868924, 0.861649, 0.839202, 0.801212, 0.770378, 0.758396, 0.805113, 0.842284, 0.88292, 0.936217, 1, 0.980812, 0.860712, 0.776152, 0.657107, 0.587947, 0.537497, 0.470048, 0.409437, 0.323069, 0.241913],
    [0.838282, 0.837079, 0.829796, 0.806881, 0.767967, 0.73582, 0.716295, 0.762273, 0.793771, 0.822998, 0.875875, 0.980812, 1, 0.929394, 0.854203, 0.732372, 0.665479, 0.619517, 0.541782, 0.472773, 0.364459, 0.24688],
    [0.745369, 0.743946, 0.736942, 0.713127, 0.669577, 0.636432, 0.610588, 0.647538, 0.674852, 0.712584, 0.761505, 0.860712, 0.929394, 1, 0.9767, 0.85848, 0.786383, 0.72176, 0.650113, 0.569029, 0.437939, 0.300084],
    [0.688364, 0.68684, 0.680251, 0.657472, 0.61837, 0.589985, 0.561088, 0.580475, 0.600265, 0.643131, 0.689313, 0.776152, 0.854203, 0.9767, 1, 0.929202, 0.86776, 0.784858, 0.700977, 0.608369, 0.458892, 0.343333],
    [0.563941, 0.562002, 0.556407, 0.536627, 0.494273, 0.458866, 0.430111, 0.468889, 0.483112, 0.517814, 0.558138, 0.657107, 0.732372, 0.85848, 0.929202, 1, 0.985464, 0.906065, 0.80539, 0.726906, 0.596453, 0.551923],
    [0.497721, 0.495758, 0.49158, 0.476098, 0.438494, 0.404046, 0.375281, 0.40869, 0.411278, 0.437882, 0.478553, 0.587947, 0.665479, 0.786383, 0.86776, 0.985464, 1, 0.95182, 0.8632, 0.798631, 0.671423, 0.605036],
    [0.440345, 0.438271, 0.434022, 0.42027, 0.386313, 0.351149, 0.321374, 0.353856, 0.363758, 0.393633, 0.432925, 0.537497, 0.619517, 0.72176, 0.784858, 0.906065, 0.95182, 1, 0.962923, 0.913588, 0.75033, 0.617628],
    [0.39946, 0.397763, 0.394713, 0.384445, 0.34732, 0.307068, 0.279398, 0.303068, 0.307641, 0.351031, 0.400236, 0.470048, 0.541782, 0.650113, 0.700977, 0.80539, 0.8632, 0.962923, 1, 0.981605, 0.842723, 0.652546],
    [0.332688, 0.331183, 0.33051, 0.325727, 0.285333, 0.23991, 0.219413, 0.253634, 0.245955, 0.283694, 0.338732, 0.409437, 0.472773, 0.569029, 0.608369, 0.726906, 0.798631, 0.913588, 0.981605, 1, 0.923249, 0.713006],
    [0.25614, 0.255286, 0.260299, 0.267707, 0.219054, 0.161167, 0.152115, 0.211387, 0.176841, 0.192451, 0.250902, 0.323069, 0.364459, 0.437939, 0.458892, 0.596453, 0.671423, 0.75033, 0.842723, 0.923249, 1, 0.802209],
    [0.0607524, 0.0599149, 0.0631237, 0.0680646, -0.00760707, -0.101061, -0.134518, -0.0148245, 0.0536499, 0.146677, 0.210833, 0.241913, 0.24688, 0.300084, 0.343333, 0.551923, 0.605036, 0.617628, 0.652546, 0.713006, 0.802209, 1]
  ],
  "c1": [-1.63472, -1.6187, -1.58603, -1.52442, -1.30588, -0.950417, -0.693037, -0.463712, -0.538046, -0.743326, -0.978302, -1.42467, -1.80212, -2.48692, -2.98338, -3.65013, -4.07971, -4.62368, -4.91177, -5.05609, -5.15931, -5.17294],
  "c1_sm": [-2.64577, -2.61904, -2.60414, -2.49686, -2.22885, -1.89202, -1.74938, -1.55225, -1.64738, -2.0622, -2.38222, -2.66085, -3.12151, -4.13914, -4.56608, -5.47951, -5.45075, -31.4346, -9.95157, -10.4639, -11.8631, -0.200088],
  "c2": [0.933683, 0.929666, 0.949807, 0.937232, 0.851501, 0.77162, 0.751531, 0.806185, 0.890584, 0.962246, 1.01389, 1.07081, 1.09394, 1.11933, 1.15521, 1.24756, 1.32235, 1.39516, 1.413, 1.4127, 1.40092, 1.38964],
  "c3_sm": [2.28681, 2.27504, 2.32779, 2.48377, 2.21854, 2.3323, 1.89216, 1.81501, 2.0864, 2.05594, 2.0764, 2.89951, 3.06465, 2.73201, 3.10719, 2.76699, 4.47856, -2.03513, 4.26841, 6.70521, 2.58614, 3.68586],
  "c4": [-2.38671],
  "c5": [5.42808, 5.56887, 5.10323, 4.78694, 4.70797, 4.92955, 5.61654, 6.76322, 7.34991, 7.67114, 7.83918, 7.9496, 7.95822, 8.02477, 8.21978, 8.58539, 8.69427, 8.42039, 8.00248, 7.66846, 7.27554, 7.20221],
  "c6": [0.450141, 0.442203, 0.468132, 0.463825, 0.434184, 0.406996, 0.39488, 0.393108, 0.400552, 0.408261, 0.414197, 0.421021, 0.424844, 0.437509, 0.448811, 0.45537, 0.443586, 0.404131, 0.371822, 0.353104, 0.345571, 0.359002],
  "eqterm": [
    [0.147128, 0.147327, 0.147897, 0.140262, 0.0881289, 0.114759, 0.152662, 0.333011, 0.354375, 0.322961, 0.169784, 0.156811, 0.0989441, -0.024688, -0.212089, -0.0980209, 0.308695, 0.38692, 0.440055, 0.397665, -0.0305515, 0.336245],
    [0.633323, 0.638084, 0.636417, 0.684836, 0.699565, 0.705194, 0.690365, 0.657076, 0.634184, 0.70149, 0.669982, 0.593581, 0.598366, 0.706246, 0.705716, 0.845285, 0.869141, 0.704948, 0.853457, 0.955934, 1.19285, 0.412646],
    [0.205164, 0.204021, 0.220098, 0.264029, 0.304993, 0.347274, 0.332497, 0.262471, 0.18667, 0.167211, -0.016757, -0.0606811, -0.0334337, 0.108337, 0.257222, 0.205362, 0.150002, -0.112008, -0.299539, -0.288661, 0.180448, -0.396173],
    [-0.248707, -0.244725, -0.247436, -0.256999, -0.300619, -0.312634, -0.284839, -0.236446, -0.234954, -0.19794, -0.213572, -0.17988, -0.173016, -0.071761, 0.0682995, 0.129995, 0.116498, 0.0768933, 0.150091, 0.191854, 0.290485, 0.104318],
    [-0.142401, -0.137131, -0.116184, -0.0369345, 0.0141922, 0.0274393, 0.0106651, -0.230201, -0.33113, -0.392015, -0.489471, -0.435712, -0.415482, -0.348401, -0.135502, -0.0743586, -0.146587, -0.137772, -0.112884, -0.0292102, 0.475212, 0.0193499],
    [-0.0466563, -0.0378082, -0.0361319, -0.0229794, -0.0243874, -0.0232635, 0.0112352, 0.012817, -0.0203684, -0.00510165, 0.0310195, -0.0126196, -0.0460135, -0.13308, -0.145547, -0.161854, -0.194963, -0.122122, 0.0264302, 0.0576797, 0.0413524, -0.0319052],
    [-0.345886, -0.34524, -0.351875, -0.366565, -0.403781, -0.387696, -0.350476, -0.340124, -0.331272, -0.320487, -0.208415, -0.125607, -0.122124, -0.259616, -0.312954, -0.406017, -0.486291, -0.358335, -0.161938, -0.182949, -0.557327, -0.070131],
    [-0.0935488, -0.0932364, -0.0595458, 0.0199448, 0.0710312, 0.136998, 0.0490317, -0.141951, -0.291178, -0.371553, -0.546319, -0.508596, -0.415574, -0.2743, -0.194416, -0.269483, -0.186147, -0.194074, -0.258259, -0.261544, -0.00284094, -0.288053],
    [-0.000468693, 0.00214726, -0.0106073, 0.0336713, -0.0272766, 0.037086, -0.00300412, 0.141263, 0.0715631, 0.106747, 0.059923, 0.039077, 0.236464, 0.173618, 0.169708, 0.0024991, -0.253942, -0.520117, 0.107165, -0.0134941, -0.0841591, -0.268654],
    [-0.00243024, -0.00620036, 0.00813012, 0.0392676, 0.00254334, -0.0132315, 0.00241004, -0.0768319, -0.0724807, 0.000341108, 0.0369891, 0.1141, -0.0244317, -0.208014, -0.132439, -0.000985073, -0.815198, 0.0933354, 0.562217, 0.0496453, 0.00397668, -0.00565833],
    [0.341241, 0.341026, 0.353335, 0.414171, 0.41564, 0.448924, 0.442321, 0.333396, 0.297967, 0.276251, 0.19573, 0.291479, 0.317692, 0.220749, 0.194179, 0.158119, 0.158861, 0.0651687, 0.0955174, 0.0827939, 0.0519922, -0.00745533],
    [0.0354598, 0.0491752, 0.0752903, 0.233484, 0.280337, 0.2956, 0.232546, -0.19757, -0.30963, -0.391464, -0.454653, -0.230781, -0.180101, -0.201427, -0.0627789, 0.109835, 0.119234, 0.170301, 0.408353, 0.543881, 0.95455, 0.493642],
    [-0.0169932, -0.011742, -0.0223091, -0.025684, -0.0698285, -0.0987556, -0.0715418, -0.0136271, 0.0513236, 0.0494725, 0.0457313, 0.110812, 0.0603128, -0.00788621, -0.060225, 0.130593, 0.323454, 0.378594, 0.478187, 0.509037, 0.352492, 0.523366],
    [0.00244437, 0.0172436, 0.000915224, -0.00526194, -0.0994314, 0.0616926, -0.0151084, 0.0677244, -0.0857955, 0.100279, 0.0440786, -0.109074, -0.0856294, 0.150221, 0.0436028, -0.108121, -0.885621, 0.0299256, 0.111847, -0.0014938, 0.0350512, 0.507296],
    [-2.30609, -2.30396, -2.31143, -2.38594, -2.39325, -2.39209, -2.30203, -2.43409, -2.47562, -2.6176, -2.24801, -2.09102, -2.14162, -2.47561, -2.43605, -2.59134, -2.77146, -1.81168, -1.3365, -1.34309, -2.03756, -0.183056],
    [-0.134294, -0.133413, -0.143225, -0.166407, -0.18218, -0.164442, -0.115638, -0.0919153, -0.0451668, -0.0543492, 0.0807199, 0.154842, 0.122988, -0.19288, -0.362528, -0.610382, -0.787924, -0.782151, -0.781248, -0.887211, -1.3344, -0.565794],
    [0.00416369, 0.00422901, 0.0269931, 0.0217351, -0.167428, 0.00653528, -0.0104991, -0.0516666, -0.0691718, 0.124993, -0.0722334, -0.0273531, 0.131949, 0.0797795, -0.137232, -0.0684675, 0.243352, -0.198346, -0.940415, -0.0108858, -0.0291213, -0.13517],
    [0.660308, 0.658736, 0.661116, 0.680285, 0.686035, 0.678233, 0.568872, 0.553764, 0.585326, 0.630517, 0.616056, 0.6484, 0.736171, 0.876974, 0.78609, 0.730583, 0.735309, 0.42388, 0.202263, 0.149517, 0.229278, -0.123784],
    [-2.68091e-05, -0.00285578, 0.00645997, -0.000330406, -0.150224, 0.0634351, -0.00849916, -0.175116, -0.038872, -0.0115041, 0.0617958, -0.123081, -0.334139, -0.0613301, -0.0264239, -0.0295173, -0.0282596, -0.245262, -0.53256, -0.00271897, -0.01146, -0.298334],
    [-0.185831, -0.188125, -0.187893, -0.194507, -0.14591, -0.117851, -0.134688, -0.116776, -0.128916, -0.207145, -0.311926, -0.402196, -0.444937, -0.39186, -0.441812, -0.369895, -0.166288, -0.129961, -0.267133, -0.268861, -0.16421, -0.0539169],
    [0.106329, 0.0997712, 0.0920828, 0.0410207, -0.038824, -0.0388221, -0.0779961, 0.107936, 0.186874, 0.243488, 0.225061, 0.314514, 0.38744, 0.489956, 0.411207, 0.318217, 0.401067, 0.184965, 0.0122697, -0.100351, -0.438668, -0.183045],
    [-0.0648276, -0.0791645, -0.0716884, -0.111884, -0.112633, -0.0598681, 0.035584, 0.188981, 0.140281, 0.128735, -0.0705418, -0.210876, -0.244079, -0.205669, -0.064412, -0.174106, -0.213216, -0.28802, -0.440132, -0.483744, -0.378682, -0.449451],
    [-0.188395, -0.171245, -0.190547, -0.216963, -0.295004, -0.393189, -0.366874, -0.350557, -0.256853, -0.137517, 0.1537, 0.289141, 0.292226, 0.211616, 0.278555, 0.256011, -0.0409893, -0.0659631, 0.108669, 0.13979, 0.0656398, 0.0772886],
    [-0.00544191, -0.00224128, 0.0310072, 0.0538212, -0.0269121, -0.0210417, 0.0178717, -0.0806045, -0.0320833, 0.129653, 0.139536, 0.0140944, 0.0461722, 0.191473, 0.117437, 0.0418182, -0.488992, -0.005677, 0.153791, 0.00950837, 0.113516, 0.155173],
    [0.662749, 0.662109, 0.662988, 0.702283, 0.721799, 0.741989, 0.597559, 0.539234, 0.52535, 0.606285, 0.621711, 0.612397, 0.742969, 1.03963, 0.95882, 0.95438, 0.967164, 0.658281, 0.62415, 0.645638, 0.785845, 0.0819152],
    [0.207702, 0.208659, 0.20559, 0.220818, 0.225707, 0.256251, 0.306003, 0.347532, 0.325969, 0.34376, 0.267101, 0.183377, 0.139122, 0.135824, 0.141189, 0.209299, 0.254971, 0.180199, 0.282319, 0.335646, 0.414386, 0.121351],
    [0.461233, 0.466049, 0.497786, 0.617938, 0.780548, 0.788113, 0.651763, 0.270018, 0.104956, 0.044415, -0.0279292, -0.156229, -0.0939675, 0.140518, 0.275815, 0.355369, 0.270046, 0.2634, 0.194171, 0.324635, 1.21454, 0.0738006],
    [0.253285, 0.247857, 0.240379, 0.205255, 0.122733, 0.0823804, 0.0880148, 0.191924, 0.264353, 0.367712, 0.419869, 0.522683, 0.587581, 0.662433, 0.738887, 0.692839, 0.551892, 0.371533, 0.335532, 0.296132, 0.172231, 0.0690064],
    [-0.18126, -0.1786, -0.179414, -0.223866, -0.267521, -0.365242, -0.431736, -0.365504, -0.317138, -0.259055, -0.203693, -0.178032, -0.117429, 0.170038, 0.342007, 0.477747, 0.507074, 0.535682, 0.415054, 0.438495, 0.679653, 0.343927],
    [0.656753, 0.654614, 0.647467, 0.650881, 0.629049, 0.639771, 0.665638, 0.733476, 0.775362, 0.843413, 0.851074, 0.845414, 0.843745, 0.74084, 0.638303, 0.54117, 0.435098, 0.184282, 0.15796, 0.116512, -0.0227395, -0.150686],
    [-0.398967, -0.394085, -0.397523, -0.422448, -0.480112, -0.500128, -0.465742, -0.364632, -0.375847, -0.333452, -0.313299, -0.326798, -0.332468, -0.231568, -0.139751, -0.00143101, 0.109104, 0.293501, 0.536456, 0.605539, 0.518342, 0.439941],
    [0.522252, 0.519169, 0.519539, 0.500743, 0.544788, 0.476231, 0.386942, 0.399643, 0.463315, 0.46738, 0.440342, 0.3661, 0.381728, 0.54306, 0.54407, 0.594033, 0.612416, 0.417304, -0.00562965, -0.0441614, 0.34557, -0.0445715],
    [0.739154, 0.734999, 0.743669, 0.730507, 0.646076, 0.582417, 0.634039, 0.764754, 0.781626, 0.918487, 0.874913, 0.873657, 0.91442, 0.960739, 1.13158, 1.11914, 0.953727, 0.799694, 0.794892, 0.787005, 0.870994, 0.230265],
    [0.273076, 0.251565, 0.268906, 0.253318, 0.243305, 0.324705, 0.440045, 0.536761, 0.429842, 0.474388, 0.296548, 0.171384, 0.199575, 0.205693, 0.39664, 0.140929, -0.123729, -0.228147, -0.23184, -0.277418, -0.247969, -0.545973],
    [0.650266, 0.651813, 0.658734, 0.666505, 0.774279, 0.779341, 0.831903, 0.861027, 0.780933, 0.798282, 0.752082, 0.379181, 0.276935, 0.222241, 0.202039, 0.151829, 0.0230793, 0.0129256, -0.0543188, -0.00346881, 0.441101, -0.288928],
    [0.277279, 0.277586, 0.27666, 0.254624, 0.171839, 0.142606, 0.231905, 0.384276, 0.394517, 0.495405, 0.507372, 0.489792, 0.475686, 0.404893, 0.465647, 0.475802, 0.411688, 0.446715, 0.648638, 0.662738, 0.46916, 0.281569],
    [0.241959, 0.239881, 0.23564, 0.24492, 0.252238, 0.316538, 0.297495, 0.289557, 0.231295, 0.343801, 0.442524, 0.377539, 0.466805, 0.59399, 0.58992, 0.353168, 0.0477188, -0.194015, -0.0408297, -0.0276177, -0.0408561, -0.492053],
    [-0.107871, -0.116186, -0.0941992, -0.0620048, -0.0533762, 0.00428661, 0.145125, 0.0679552, -0.00861534, -0.136368, -0.232171, -0.176801, -0.267888, -0.804671, -0.888353, -1.05913, -1.08242, -0.71308, -0.570364, -0.655494, -1.12392, -0.215228],
    [-0.179593, -0.188666, -0.165887, -0.121926, -0.0792539, -0.0181408, 0.0497072, -0.0577331, -0.165853, -0.286356, -0.491998, -0.512459, -0.558671, -0.688039, -0.598485, -0.567215, -0.465867, -0.238849, -0.180363, -0.163026, -0.0935012, 0.0625387],
    [-0.0659995, -0.0718384, -0.0718201, -0.100922, -0.113145, -0.0948251, -0.10778, 0.00550212, 0.0564308, -0.00289762, -0.174181, -0.14042, -0.150163, -0.111634, -0.138976, -0.172834, 0.00413127, -0.206379, -0.583832, -0.689961, -0.692549, -0.385755],
    [-0.0234904, -0.0301948, -0.0240005, -0.0133829, -0.0382425, -0.0517486, -0.0258897, -0.073736, -0.0198085, -0.113394, -0.213277, -0.0284484, -0.0552622, -0.260626, -0.275508, -0.230755, -0.112496, -0.0555682, -0.207819, -0.283022, -0.463916, 0.145351],
    [0.0625949, 0.0638616, 0.0582474, 0.0284964, -0.0461558, -0.0696257, -0.0465931, 0.0798411, 0.149423, 0.191878, 0.196312, 0.296247, 0.305467, 0.242379, 0.222589, 0.157476, 0.148675, 0.0112121, -0.0766893, -0.151721, -0.379022, -0.139885],
    [-0.123404, -0.126269, -0.112554, -0.0493249, 0.0387633, 0.0785114, 0.0588577, -0.169343, -0.287571, -0.365711, -0.372144, -0.443819, -0.45038, -0.449418, -0.440589, -0.309857, -0.242091, 0.108025, 0.394328, 0.512048, 0.645016, 0.486883],
    [0.0408256, 0.0373518, 0.0326281, 0.00548546, -0.0282548, -0.0610303, -0.0377075, 0.030135, 0.0667985, 0.113281, 0.100202, 0.109604, 0.117636, 0.216262, 0.347899, 0.394731, 0.328105, 0.238835, 0.179985, 0.191771, 0.323027, 0.109241],
    [0.0311452, 0.0363225, 0.0363532, 0.0550597, 0.0938279, 0.0707273, -0.0685141, -0.137683, -0.147285, -0.133028, -0.137064, -0.176656, -0.103682, 0.275639, 0.32109, 0.500342, 0.649139, 0.546539, 0.458996, 0.537755, 0.94862, 0.312296],
    [0.274756, 0.280365, 0.274978, 0.310067, 0.301623, 0.327076, 0.323609, 0.298092, 0.327461, 0.32437, 0.306814, 0.383709, 0.370543, 0.257283, 0.130103, 0.124732, 0.176326, -0.00363082, 0.00936775, -0.0055511, -0.127312, -0.0450668],
    [-0.00699361, -0.0213294, -0.0224576, -0.0759275, -0.135238, -0.169205, -0.0904483, 0.0514454, 0.0449612, 0.160921, 0.0521916, -0.0206725, 0.0191687, 0.379256, 0.821964, 0.928775, 0.731104, 0.58545, 0.569691, 0.654113, 1.12799, 0.269181],
    [0.147283, 0.140982, 0.139524, 0.183331, 0.189783, 0.258528, 0.11118, -0.025068, -0.0552891, -0.0105143, 0.0440909, 0.165969, 0.339948, 0.625446, 0.548838, 0.497483, 0.49142, 0.286503, 0.404017, 0.420965, 0.306968, 0.0673262],
    [0.266263, 0.262129, 0.259662, 0.214303, 0.148864, 0.140514, 0.153478, 0.3244, 0.382932, 0.447776, 0.448058, 0.492113, 0.52837, 0.478106, 0.427515, 0.213771, 0.110529, -0.11896, -0.31965, -0.451475, -0.710138, -0.508165],
    [-0.088189, -0.0941742, -0.0931912, -0.114171, -0.180075, -0.160763, -0.118781, -0.0507365, -0.0371812, -0.00341245, 0.000767927, 0.115229, 0.157364, 0.0780635, 0.107598, -0.0642878, -0.192842, -0.263235, -0.250209, -0.328665, -0.630675, -0.302416],
    [5.67305e-05, -0.0128468, -0.0220504, -0.019104, 0.14737, 0.100231, -0.0224825, 0.111839, -0.04494, 0.0121504, -0.282091, 0.0298792, 0.0906664, 0.032561, -0.176232, 0.0527982, -0.736748, 0.0552315, 0.792251, -0.0429788, 0.0422534, 0.979639],
    [0.214844, 0.213229, 0.211544, 0.221115, 0.210599, 0.208789, 0.248568, 0.255507, 0.282017, 0.274726, 0.219659, 0.250697, 0.216461, 0.124545, 0.128588, 0.167816, 0.177193, 0.105756, 0.0773166, 0.0735995, 0.0764425, 0.0922179],
    [0.0876813, 0.0929661, 0.0975091, 0.107825, 0.184333, 0.186305, 0.119956, 0.119944, 0.0684619, 0.0552446, -0.0493905, -0.257106, -0.268013, 0.0193637, 0.0801177, 0.198213, 0.328011, 0.213889, 0.0374867, 0.108134, 0.678537, -0.055812],
    [-0.368393, -0.369678, -0.376715, -0.399978, -0.384519, -0.384029, -0.385636, -0.420912, -0.369388, -0.440634, -0.354169, -0.270259, -0.297561, -0.486885, -0.603745, -0.721658, -0.762356, -0.682832, -0.808885, -0.894372, -1.13714, -0.363116],
    [0.680328, 0.673628, 0.686013, 0.701552, 0.843597, 0.873624, 0.620432, 0.557343, 0.548368, 0.477801, 0.342932, 0.183715, 0.287746, 0.641024, 0.420779, 0.292972, 0.482137, 0.0628114, -0.658881, -0.781878, -0.325426, -0.755124],
    [-0.294545, -0.28915, -0.275463, -0.264073, -0.295404, -0.315489, -0.286494, -0.289732, -0.335073, -0.332067, -0.454173, -0.413246, -0.400567, -0.265764, 0.014262, 0.0617424, 0.0268727, -0.0353517, -0.0955168, -0.0588518, 0.324941, -0.0693873],
    [-0.942748, -0.945162, -0.926729, -0.912484, -0.904719, -0.845992, -0.711378, -0.760287, -0.86049, -1.02742, -1.2071, -1.1787, -1.28614, -1.54317, -1.42733, -1.39014, -1.22539, -0.787997, -0.634553, -0.625858, -0.753971, -0.0226053],
    [-0.156168, -0.15216, -0.156877, -0.14835, -0.117671, -0.10582, -0.165608, -0.219407, -0.223596, -0.231502, -0.194891, -0.203043, -0.178434, -0.0529671, -0.0743027, -0.0579146, -0.0390575, -0.106979, -0.135141, -0.109796, 0.020851, -0.0870112],
    [0.132214, 0.136975, 0.148661, 0.197961, 0.287442, 0.333932, 0.303986, 0.208604, 0.125318, 0.0632798, -0.0640319, -0.19922, -0.227702, -0.170079, -0.17601, -0.174702, -0.111764, -0.209705, -0.327586, -0.292512, 0.109227, -0.299722],
    [-0.829089, -0.823863, -0.830126, -0.88217, -0.982969, -1.12658, -1.36533, -1.4389, -1.31768, -1.24343, -1.00644, -0.634181, -0.386822, 0.18293, 0.42981, 0.542361, 0.514314, 0.456421, 0.242203, 0.22474, 0.379236, 0.36571],
    [0.418642, 0.415709, 0.417736, 0.407803, 0.359558, 0.306166, 0.284991, 0.32272, 0.404165, 0.416445, 0.431273, 0.559557, 0.582309, 0.457161, 0.372439, 0.343578, 0.368305, 0.314966, 0.152809, 0.0573732, -0.1789, 0.102552],
    [0.270005, 0.266668, 0.264994, 0.245992, 0.208669, 0.159615, 0.154285, 0.194486, 0.252233, 0.300151, 0.316879, 0.380075, 0.409772, 0.441336, 0.50744, 0.496573, 0.401285, 0.27529, 0.141574, 0.106994, 0.152176, 0.04046],
    [-0.265082, -0.264379, -0.274103, -0.289171, -0.343548, -0.381087, -0.431715, -0.409722, -0.362672, -0.328863, -0.271983, -0.170943, -0.11993, 0.0845358, 0.1267, 0.356565, 0.536776, 0.644421, 0.808793, 0.875356, 0.775108, 0.744132],
    [-0.324054, -0.316285, -0.320668, -0.305581, -0.348975, -0.382296, -0.400494, -0.491724, -0.482081, -0.432191, -0.308591, -0.157057, -0.100873, -0.00832608, 0.130311, 0.19098, 0.0630292, 0.0792843, 0.275226, 0.343606, 0.404033, 0.26494],
    [-0.000489742, -0.00777238, -0.00442837, -0.0286455, -0.131614, -0.0162944, -0.0085258, 0.208343, 0.0848794, 0.153273, 0.142602, 0.133827, 0.356275, 0.0775149, -0.0215123, -0.129625, -0.457156, -0.0170128, -0.728527, 0.00707015, 0.0355336, 0.14889],
    [0.334449, 0.325253, 0.331684, 0.335368, 0.257264, 0.24083, 0.199042, 0.173381, 0.217987, 0.276405, 0.325289, 0.566061, 0.694095, 0.66682, 0.671305, 0.509475, 0.351901, 0.209338, 0.157796, 0.0543234, -0.271889, -0.0590207],
    [-0.04104, -0.0330166, -0.0468525, -0.0317413, -0.0164905, 0.0157328, 0.0813039, 0.0421884, 0.0639159, 0.0456072, 0.179087, 0.195302, 0.111703, -0.234525, -0.441304, -0.544643, -0.642424, -0.586553, -0.391959, -0.402049, -0.742817, -0.219157],
    [0.0126934, 0.0233624, 0.0107401, 0.0040805, -0.115188, -0.171049, -0.171467, -0.0886015, 0.0287144, 0.0879986, 0.155383, 0.402857, 0.423338, 0.349749, 0.305292, 0.388518, 0.477297, 0.350981, 0.410793, 0.379023, 0.0469253, 0.335728],
    [0.357999, 0.361183, 0.361556, 0.355039, 0.345428, 0.334454, 0.310221, 0.366615, 0.36623, 0.437086, 0.498281, 0.444186, 0.47675, 0.495608, 0.433927, 0.318933, 0.220332, 0.10689, 0.0868256, 0.0573808, 0.0159459, -0.218906],
    [-0.479277, -0.483018, -0.499622, -0.541119, -0.636654, -0.608792, -0.542123, -0.399764, -0.340462, -0.342047, -0.271306, -0.141588, -0.166109, -0.350343, -0.520489, -0.464879, -0.251909, 0.0170019, 0.357068, 0.329344, -0.484823, 0.454833],
    [-0.201827, -0.211433, -0.207891, -0.200192, -0.216814, -0.198903, -0.237785, -0.261286, -0.275474, -0.299072, -0.430491, -0.364262, -0.306359, -0.0419881, 0.0932645, 0.294494, 0.497778, 0.514671, 0.54059, 0.596779, 0.714371, 0.528398],
    [0.635264, 0.647353, 0.630983, 0.630504, 0.591418, 0.540406, 0.528246, 0.617482, 0.725807, 0.830608, 0.862489, 0.898092, 0.891267, 0.926283, 0.910382, 0.905213, 0.788818, 0.288546, 0.0800618, 0.0641549, 0.285874, -0.205384]
  ],
  "eqterm_fac_lm": [
    [0.403071, -0.119056, 0.249611, -0.293412, 0.142418, -0.952828, -0.633962, -1.19766, -0.0374792, -0.358094, 0.711105, -0.722873, -0.419219, -0.827342, 1.20064, -0.678291, 1.37862, -1.99191, -1.45668, 0.646212, -0.480057, -0.459678, -0.935249, -0.023183, -0.74992, 0.614828, -0.832376, 0.619784, 0.275203, -0.75924, -1.82579, 1.13469, 1.74803, 1.20739, 1.84952, -0.498951, 0.664009, 0.497489, -0.634379, 0.0662901, 1.24952, -1.20491, -0.955908, -0.51864, 1.04003, 0.0105109, 0.541991, -0.312189, -0.370294, 1.67455, -0.329254, 0.234676, -2.72588, -0.100786, 0.0634252, -0.111381, -1.05627, -1.01906, 0.0179604, -0.920468, -1.60571, 0.258035, 1.272, -0.550822],
    [0.0109847, 0.353649, -0.911035, -1.21294, -0.187617, 0.242366, -0.347621, -0.600821, 0.594685, 0.963141, 0.261866, -1.29608, 0.664548, 0.850461, -0.578581, -0.826942, -1.81858, 0.77356, 0.0698761, -0.533445, 1.49411, -0.175914, -0.119025, 0.717754, -1.14089, 1.46114, 0.837789, -1.6177, 1.39967, 0.186807, -1.19281, 1.38687, -0.32042, -0.896411, 0.894391, -0.0482402, 0.452971, -0.503246, -0.462769, 0.362445, -2.46407, -1.22183, 0.0206203, -0.706641, 0.33651, -0.614336, 0.490379, 0.879041, -1.23254, -1.24872, -0.54886, -0.10975, -1.05733, 1.81751, 0.572825, -0.743676, -0.543253, 0.673042, 0.859974, 0.303437, 0.631742, -0.897187, -1.67043, 0.602619],
    [-0.802962, 0.647781, -0.0885298, -0.902739, 0.504077, -0.790504, -0.0143541, 1.16561, 0.878551, 1.99422, -0.492527, -0.47798, -0.43789, 1.17762, -0.112061, -0.151035, -1.21937, -1.3316, 2.12234, -0.371473, 2.34035, -0.0628163, -0.547226, 0.0756635, -0.94976, 0.224485, -0.789371, -0.178313, -0.910705, -1.12527, 0.887797, -0.1168, 0.377858, -0.811954, 0.25882, -1.02181, 2.0428, -0.503722, 1.02205, 0.18537, -0.875776, 3.2346, -0.932506, -0.271728, -0.1736, -0.390772, 0.0317364, 1.97291, -1.47293, -1.2586, 0.454485, 0.00542521, 1.17001, 0.199996, -0.111869, 0.726744, 0.249686, 1.36735, -0.243786, -0.802664, -0.19151, 0.0186798, 1.17965, -1.27966],
    [-2.03424, -0.636756, -0.993421, -0.316871, -0.719407, -0.605252, -0.0193692, -2.24328, -1.11181, -1.71411, -0.263541, 1.64943, 0.510424, -0.0654341, -0.378869, -0.267465, -0.296177, 1.49504, -0.570871, -0.735034, -0.210315, 0.851273, 1.12892, 0.0470933, -0.587113, 1.58486, 0.374375, -0.366524, 0.492448, -0.211374, -0.270768, -0.881266, -1.11182, -0.471283, 0.142815, -0.105266, -0.330882, 0.779975, -0.0946015, -0.890477, 1.28456, -0.805686, 0.0876299, -0.206225, 0.0377605, -0.412229, 0.900214, -0.0434996, -0.732741, -1.49972, -0.0543321, -1.06944, 1.92358, 0.57438, 0.982711, 0.117952, 0.272676, 0.334053, -0.0541012, -0.466859, -0.043058, -0.736284, -0.486753, 0.358382],
    [-1.07462, 0.982935, 0.965115, 0.860694, 1.37022, 0.0868551, 0.354389, -0.212052, 0.934951, 2.72997, 0.500982, -1.18506, 0.354811, -0.0454594, -0.633578, -0.412026, -0.618188, 1.50478, 0.324854, 0.72895, -0.163865, 0.43132, -1.08649, 0.700728, -0.352297, -1.19618, -0.467189, -0.427831, -1.54283, -0.317265, 1.0518, -0.877884, -0.348952, -0.110264, 0.228843, 0.299064, -0.535501, 0.315783, -0.108955, 1.47509, 0.532316, 1.20845, -0.412043, 0.42104, 0.691094, -0.605383, -0.0672808, -2.12152, 0.777067, -0.252487, 0.508621, 0.177946, 0.0940526, -0.699954, 0.0358674, 0.102645, 1.58103, 0.294292, 1.1846, 1.46544, -0.573403, -0.116098, 0.326385, 2.03117],
    [0.300358, 0.529348, -0.225056, 0.0551204, -1.34337, 0.113949, 0.162235, -1.26402, -0.916492, -2.15476, 0.179351, -0.466094, 0.416463, 0.00365954, 0.879863, 0.409338, 0.127493, -0.124509, 0.741229, 0.771378, -1.26309, -0.559204, -0.834981, 0.407739, 0.0984226, -0.29479, -1.92225, -0.805602, 0.655516, -0.731972, 1.33762, -2.15171, -1.36542, 0.388804, -1.63316, -0.215137, -0.53379, -0.242392, 0.687365, 0.599553, -0.645871, 0.892296, -0.135932, -0.554906, -0.252867, 1.13432, 0.196803, 1.23368, -1.12537, -1.17923, 0.978786, 0.640153, -1.42347, -1.43448, -0.846111, 0.0640747, -0.444533, -1.83676, 1.14065, -0.383271, 0.16833, 0.637456, -0.26779, 0.929294],
    [0.742776, -0.627513, -0.0548316, -0.418193, -0.381702, -0.974949, -0.895676, -0.0125068, 0.17028, -0.485399, 0.414374, -2.37792, -0.539819, 1.11493, 0.274707, 1.11748, -0.00551247, -0.798079, 0.0205936, -0.7577, -0.207481, 0.748916, 1.29381, 0.0223602, -0.649709, 2.11241, 1.06504, -0.607184, -0.849651, -0.186598, -2.11719, 0.0403324, 0.0592135, 1.5092, 1.90715, 0.699203, -0.96294, 0.46563, 0.310448, -0.181295, 0.187482, -0.687382, 0.813357, 0.0143998, 0.409531, -0.141575, 0.336108, 2.16176, 0.105144, -0.540158, -0.488925, -0.545516, 2.1837, 1.98639, 1.13674, 0.372883, -0.691546, 1.32116, -1.5271, 0.793719, -0.184772, -0.457447, 0.667145, 0.384333],
    [1.40377, 0.653685, -1.04595, -0.0928311, -1.70446, 0.307693, 0.868486, -0.648039, 0.347556, -1.27338, 0.29877, -1.00696, 0.655982, 0.544242, -0.904672, 1.3298, -0.294511, 0.381351, 1.1032, 0.315106, -2.0863, 0.993877, -0.582778, 1.2142, 0.605388, -1.19515, 1.21654, 0.805811, -0.507191, 1.57683, 1.4655, 0.294193, -0.857869, -0.725977, -0.666051, 0.711556, -0.47958, -0.20927, -0.73779, 0.499758, -0.47948, 1.31397, 1.1021, 0.949041, -0.0862962, -1.2995, -0.616147, -1.27761, -1.14172, -1.26684, -0.443866, -1.14186, -0.972363, 0.578906, 0.0327413, 0.465179, -0.0440413, 1.34227, 0.612068, 1.05559, 0.955154, 2.04993, -0.323878, 0.116449],
    [-0.709087, 1.26917, 1.08664, 0.3016, 0.78857, 0.134148, -0.832289, 0.557008, 0.10495, 0.696792, -0.408078, -3.18589, -1.21654, 0.640162, -0.180352, -0.405684, 0.21834, -0.0366409, 1.20666, 0.483817, 1.96792, 0.164861, 0.510861, 0.254425, 0.0430585, 0.687843, 1.06531, 0.63393, 1.33066, 0.266498, 0.888877, -1.53445, -0.284587, -0.451685, -1.09023, -0.386165, 0.171747, 0.348581, 1.04026, -0.133457, 1.43626, 0.402426, -0.243467, -0.506679, -0.0469813, 1.28875, -1.26892, 0.907266, 0.700385, -1.26694, 0.206002, 0.774641, -0.0540119, -0.511143, 0.185679, -0.103895, 0.185692, -0.357633, -0.864101, -0.573357, 0.45478, -1.73034, 0.211356, 0.897764],
    [0.832531, 1.0217, -0.98091, 0.258288, 0.0479097, -0.0789963, -0.173642, -0.71321, -0.0184591, 1.22224, 1.29584, -0.453241, -1.40089, -0.306485, -0.133496, -0.453212, -1.11282, 0.191364, 0.202819, 0.30046, 0.182728, 0.170857, 0.851552, -0.373093, 1.08928, -0.110358, 0.570127, -1.35181, -0.715376, 0.697154, -1.21831, -0.532897, 0.154844, -0.955117, 0.359883, -0.346352, 1.20551, 0.270477, 0.773234, -0.111584, 0.666483, 0.166697, -1.2582, -0.748772, 0.228328, -0.138189, -0.899064, -1.86966, -0.171801, -0.0559699, -0.215437, -0.742102, 0.905485, 0.253916, 0.100178, 1.84244, 0.655983, -0.146133, -0.542624, 0.83125, -0.542005, 1.12615, 1.30829, -0.508524]
  ],
  "eqterm_sm": [
    [-0.000468693, 0.00214726, -0.0106073, 0.0336713, -0.0272766, 0.037086, -0.00300412, 0.141263, 0.0715631, 0.106747, 0.059923, 0.039077, 0.236464, 0.173618, 0.169708, 0.0024991, -0.253942, -0.520117, 0.107165, -0.0134941, -0.0841591, -0.268654],
    [-0.00243024, -0.00620036, 0.00813012, 0.0392676, 0.00254334, -0.0132315, 0.00241004, -0.0768319, -0.0724807, 0.000341108, 0.0369891, 0.1141, -0.0244317, -0.208014, -0.132439, -0.000985073, -0.815198, 0.0933354, 0.562217, 0.0496453, 0.00397668, -0.00565833],
